W1
0.00123355
0.00215374
0.00215374
0.00215374
0.00215374
0.00215374
0.00215374
0.00215374
0.00215374
0.00215374
0.00215374
0.00215374
0.00215374
0.00215374
0.00215374
0.00215374
0.00215374
0.00215374
0.00215374
0.00215374
0.00215374
0.00215374
0.00215374
0.00215374
0.00215374
0.00215374
0.00215374
0.00215374
0.00215374
0.00215374
0.00215374
0.00215374
0.00215374
0.00215374
0.00215374
0.00215374
0.00215374
0.00215374
0.00215374
0.00215374
0.00215374
0.00215374
0.00215374
0.00215374
0.00215374
0.00215374
0.00215374
0.00215374
0.00215374
0.00215374
W2
1.47343
2.57258
2.57258
2.57258
2.57258
2.57258
2.57258
2.57258
2.57258
2.57258
2.57258
2.57258
2.57258
2.57258
2.57258
2.57258
2.57258
2.57258
2.57258
2.57258
2.57258
2.57258
2.57258
2.57258
2.57258
2.57258
2.57258
2.57258
2.57258
2.57258
2.57258
2.57258
2.57258
2.57258
2.57258
2.57258
2.57258
2.57258
2.57258
2.57258
2.57258
2.57258
2.57258
2.57258
2.57258
2.57258
2.57258
2.57258
2.57258
2.57258
W3
3062.49
5347.03
5347.03
5347.03
5347.03
5347.03
5347.03
5347.03
5347.03
5347.03
5347.03
5347.03
5347.03
5347.03
5347.03
5347.03
5347.03
5347.03
5347.03
5347.03
5347.03
5347.03
5347.03
5347.03
5347.03
5347.03
5347.03
5347.03
5347.03
5347.03
5347.03
5347.03
5347.03
5347.03
5347.03
5347.03
5347.03
5347.03
5347.03
5347.03
5347.03
5347.03
5347.03
5347.03
5347.03
5347.03
5347.03
5347.03
5347.03
5347.03
W1
0.00123355
0.00199831
0.00215458
0.00215537
0.00215623
0.00215707
0.00215786
0.00215856
0.00215915
0.00215959
0.00215987
0.00215999
0.00215992
0.00215969
0.00215929
0.00215873
0.00215803
0.00215723
0.00215633
0.00215538
0.00215441
0.00215344
0.00215251
0.00215164
0.00215087
0.00215019
0.00214963
0.0021492
0.00214889
0.0021487
0.00214863
0.00214867
0.0021488
0.00214902
0.0021493
0.00214965
0.00215003
0.00215045
0.00215088
0.00215131
0.00215173
0.00215213
0.00215251
0.00215284
0.00215313
0.00215337
0.00215355
0.00215367
0.00215373
0.00215374
W2
1.47343
2.32743
2.57358
2.57453
2.57554
2.57655
2.5775
2.57834
2.57903
2.57956
2.5799
2.58004
2.57996
2.57968
2.5792
2.57854
2.57771
2.57674
2.57567
2.57454
2.57337
2.57222
2.57111
2.57007
2.56914
2.56834
2.56767
2.56715
2.56678
2.56656
2.56647
2.56652
2.56667
2.56693
2.56728
2.56769
2.56815
2.56864
2.56915
2.56967
2.57018
2.57066
2.5711
2.5715
2.57185
2.57213
2.57235
2.57249
2.57257
2.57258
W3
3062.49
4890.23
5349.69
5352.23
5354.95
5357.65
5360.17
5362.41
5364.27
5365.68
5366.59
5366.95
5366.76
5366.01
5364.72
5362.94
5360.73
5358.15
5355.29
5352.26
5349.15
5346.06
5343.1
5340.34
5337.86
5335.7
5333.92
5332.53
5331.54
5330.95
5330.72
5330.83
5331.26
5331.95
5332.87
5333.96
5335.19
5336.52
5337.89
5339.26
5340.61
5341.9
5343.09
5344.16
5345.08
5345.84
5346.42
5346.81
5347
5347.03
