100
0.697485637281674
0.697859878374329
0.696704055909797
0.694949459012410
0.692993775872845
0.691010151547858
0.689071976364290
0.687207861469183
0.685426566568573
0.683728408605997
0.682110458488130
0.680568856016061
0.679099787969476
0.677699853207058
0.676366154864755
0.675096278525477
0.673888229290533
0.672740360002679
0.671651303817202
0.670619915602504
0.669645222849171
0.668726385262678
0.667862661754187
0.667053383529387
0.666297932128734
0.665595721469099
0.664946183124857
0.664348754247513
0.663802867653900
0.663307943716161
0.662863383766698
0.662468564792535
0.662122835240212
0.661825511787552
0.661575876965250
0.661373177531119
0.661216623514699
0.661105387860932
0.661038606609764
0.661015379554510
0.661034771326238
0.661095812854747
0.661197503159212
0.661338811423621
0.661518679313867
0.661736023494963
0.661989738308481
0.662278698571986
0.662601762464087
0.662957774460694
0.663345568290275
0.663763969878219
0.664211800252940
0.664687878388972
0.665191023965043
0.665720060017861
0.666273815475179
0.666851127554430
0.667450844015934
0.668071825262277
0.668712946277882
0.669373098405142
0.670051190955545
0.670746152656156
0.671456932933532
0.672182503038615
0.672921857017446
0.673674012533598
0.674438011549101
0.675212920871304
0.675997832573632
0.676791864298514
0.677594159450980
0.678403887291467
0.679220242936348
0.680042447274536
0.680869746808312
0.681701413426241
0.682536744115641
0.683375060621915
0.684215709060986
0.685058059492618
0.685901505456120
0.686745463487009
0.687589372580288
0.688432693723108
0.689274909146077
0.690115522363202
0.690954055800998
0.691790055641555
0.692623074978078
0.693452722115021
0.694278513175756
0.695100312584276
0.695917007599728
0.696730487719075
0.697533688602823
0.698346504784244
0.699107909885277
0.699999999999990
