8.006724032880784e-01
8.008601224690320e-01
7.993553782867086e-01
7.975225081645531e-01
7.943117076035289e-01
7.903016126794715e-01
7.850655867272112e-01
7.788611710372473e-01
7.715365904651471e-01
7.632373281909961e-01
7.539604900434661e-01
7.438475458592092e-01
7.330134394857309e-01
7.216670012488476e-01
7.100543386041684e-01
6.985089958169682e-01
6.874361044699573e-01
6.773259515411775e-01
6.687294595321061e-01
6.622192273777580e-01
6.583040014061644e-01
6.573216360457759e-01
6.593335297204235e-01
6.640935536172571e-01
6.711065615739062e-01
6.797631179258369e-01
6.894597735281529e-01
6.996818885855776e-01
7.100203946252293e-01
7.201750238862373e-01
7.299269834705652e-01
7.391321616720691e-01
7.476915638039519e-01
7.555535917442253e-01
7.626864720498021e-01
7.690904714683201e-01
7.747694197550475e-01
7.797522483732748e-01
7.840605031052338e-01
7.877395069984594e-01
7.908189756439241e-01
7.933550172893016e-01
7.953808634897916e-01
7.969617249848436e-01
7.981322536161478e-01
7.989670813307330e-01
7.995009737289148e-01
7.998187969329593e-01
7.999534198530919e-01
7.999999999998656e-01
1.981457190624890e-03
1.981786014414550e-03
1.979127420484566e-03
1.975880136515341e-03
1.970192878166052e-03
1.963075398496540e-03
1.953769262065343e-03
1.942715968121774e-03
1.929635774174534e-03
1.914770707924629e-03
1.898100603264523e-03
1.879861152237603e-03
1.860243332596501e-03
1.839609999971611e-03
1.818398246370725e-03
1.797213266495496e-03
1.776803761681255e-03
1.758089570834568e-03
1.742117303151293e-03
1.729984781020658e-03
1.722673523652509e-03
1.720837426437171e-03
1.724595578805664e-03
1.733472842878777e-03
1.746517111173427e-03
1.762563609575099e-03
1.780468193368396e-03
1.799265258211317e-03
1.818196978025211e-03
1.836716243422615e-03
1.854431842257459e-03
1.871093314407405e-03
1.886533723578456e-03
1.900672805050678e-03
1.913465064960982e-03
1.924921995688357e-03
1.935059610861021e-03
1.943937823591765e-03
1.951601437963327e-03
1.958136711674067e-03
1.963600496846780e-03
1.968095843067166e-03
1.971683960324040e-03
1.974482276334440e-03
1.976553247573016e-03
1.978029803734907e-03
1.978973859556834e-03
1.979535774517423e-03
1.979773767112484e-03
1.979856108173297e-03
5.726069480401744e-01
5.727548000257375e-01
5.751236335158904e-01
5.784233425737644e-01
5.837412907979697e-01
5.904995662482085e-01
5.991184375923949e-01
6.093063570901205e-01
6.211795997761905e-01
6.345356793970378e-01
6.493164209185249e-01
6.653006077001107e-01
6.822824349831002e-01
6.999408864198717e-01
7.178947002818162e-01
7.356443531195632e-01
7.525806057021017e-01
7.679694530711648e-01
7.809785217685264e-01
7.907427226603903e-01
7.964902643985152e-01
7.977194105191800e-01
7.943537358489550e-01
7.867951393738335e-01
7.758138178909154e-01
7.623484468000562e-01
7.473086816289818e-01
7.314704983341968e-01
7.154377279839030e-01
6.996625230941294e-01
6.844647603357146e-01
6.700706786663873e-01
6.566257895106095e-01
6.442264550736713e-01
6.329195286045519e-01
6.227292781526964e-01
6.136464209214809e-01
6.056548657140952e-01
5.987118193797049e-01
5.927777499622592e-01
5.877877509077066e-01
5.836875226369609e-01
5.803951458541033e-01
5.778458331572820e-01
5.759424819040339e-01
5.746122785585880e-01
5.737436660732427e-01
5.732584853623860e-01
5.730321436695410e-01
5.729857876201817e-01
