7.762238127871804e-01
7.764211682884725e-01
7.746772895537708e-01
7.724583256307435e-01
7.686478754640534e-01
7.638093080372572e-01
7.574876917859852e-01
7.499191755051585e-01
7.408916929430915e-01
7.305379453786930e-01
7.187434454981411e-01
7.056335819039449e-01
6.911459012458657e-01
6.754459138206093e-01
6.585127976087707e-01
6.405754176493621e-01
6.216508977748093e-01
6.020358763902084e-01
5.817745183996176e-01
5.612184367559047e-01
5.404162140083714e-01
5.197496883140971e-01
4.992410711949766e-01
4.792757524259040e-01
4.598190130893752e-01
4.412416370169545e-01
4.234296993590518e-01
4.067345555280745e-01
3.909558054899819e-01
3.764219561389395e-01
3.628815954987511e-01
3.505622551668628e-01
3.393938406032993e-01
3.290072497407229e-01
3.206313287294832e-01
3.110001064928434e-01
3.073656674497550e-01
2.942264020968565e-01
3.033574308180348e-01
2.716680335551334e-01
3.272290231475096e-01
5.988538760155323e-01
6.953804242390362e-01
6.630695353500707e-01
6.826419783948963e-01
6.756646357237581e-01
6.807187622791201e-01
6.791767160557691e-01
6.804450063734783e-01
6.799999999993177e-01
1.938049059665478e-03
1.938397989032872e-03
1.935288657387020e-03
1.931322472478339e-03
1.924509228172784e-03
1.915839529768767e-03
1.904489471493070e-03
1.890864149712407e-03
1.874557930305071e-03
1.855789315555111e-03
1.834309045221136e-03
1.810324195554543e-03
1.783656358517883e-03
1.754595357158154e-03
1.723010180888194e-03
1.689332018214986e-03
1.653465277401684e-03
1.616016000562894e-03
1.576896422455441e-03
1.536897859883133e-03
1.495883749426643e-03
1.454825844203398e-03
1.413451731591399e-03
1.372911713689311e-03
1.332687093661541e-03
1.294131771348825e-03
1.256354511838022e-03
1.220984954577616e-03
1.186623139559085e-03
1.155285937532510e-03
1.124968196519144e-03
1.098081316461137e-03
1.072285123785122e-03
1.049544276881169e-03
1.029363317859694e-03
1.008414230609381e-03
9.984065018049262e-04
9.696900030151342e-04
9.885252218229355e-04
9.169989802086118e-04
1.043065061720648e-03
1.579710185924816e-03
1.758513085110066e-03
1.699757247480895e-03
1.735505359945368e-03
1.722810719381529e-03
1.732010751692856e-03
1.729206789445495e-03
1.731512998533615e-03
1.730703991907373e-03
6.126132279640233e-01
6.127721035026957e-01
6.154689332254458e-01
6.193230652491862e-01
6.254684817564301e-01
6.334071965767789e-01
6.435296355790626e-01
6.556712138540575e-01
6.699285184787473e-01
6.862605320011578e-01
7.046268566220318e-01
7.250261177166766e-01
7.473301652081357e-01
7.715422160609903e-01
7.974541412148646e-01
8.250626418081568e-01
8.540720715802129e-01
8.844792698906927e-01
9.158889877038383e-01
9.483224512141861e-01
9.812711821150927e-01
1.014823098851212e+00
1.048338818032771e+00
1.082033044546333e+00
1.115106438558632e+00
1.147979374520843e+00
1.179640146681747e+00
1.210819947530356e+00
1.240195242737174e+00
1.268979223122626e+00
1.295295096712955e+00
1.321286006888668e+00
1.343671848614064e+00
1.367258055224565e+00
1.383792006832387e+00
1.408077944917076e+00
1.411937353745085e+00
1.450144494476517e+00
1.414998872070983e+00
1.517636620668247e+00
1.339204838813506e+00
8.011258523277935e-01
6.775466244490573e-01
7.151479744794003e-01
6.906516845731830e-01
6.984452695808796e-01
6.920061108906693e-01
6.936606941112642e-01
6.920397208396351e-01
6.925718291777415e-01
