7.762220806668658e-01
7.764120778644958e-01
7.746764984797231e-01
7.724482323789313e-01
7.686482642097012e-01
7.637980210341124e-01
7.574895256459101e-01
7.499064902176071e-01
7.408952513280118e-01
7.305236551210671e-01
7.187490029492555e-01
7.056174973322915e-01
6.911537023244056e-01
6.754278853993839e-01
6.585230325476095e-01
6.405553491998973e-01
6.216636955417643e-01
6.020137083950101e-01
5.817899826210826e-01
5.611940754364947e-01
5.404345192105153e-01
5.197228834106049e-01
4.992625853429723e-01
4.792459976672206e-01
4.598443537629619e-01
4.412081743464695e-01
4.234595899741120e-01
4.066969593208988e-01
3.909893151962389e-01
3.763847040991600e-01
3.629053307728947e-01
3.505586013346376e-01
3.393312546787156e-01
3.292023370378616e-01
3.201348731994663e-01
3.120906234229716e-01
3.050182089874888e-01
2.988701495738007e-01
2.935865266359969e-01
2.891153717859282e-01
2.853907973287974e-01
2.823584655194373e-01
2.799464350942242e-01
2.780987366443256e-01
2.767351681353761e-01
2.757996246425540e-01
2.751987240667833e-01
2.748831803735175e-01
2.747338313207268e-01
2.747338313207267e-01
1.938045970593963e-03
1.938381774312395e-03
1.935287269076925e-03
1.931304385568272e-03
1.924510058365529e-03
1.915819054731215e-03
1.904493203199151e-03
1.890840594751751e-03
1.874565455827079e-03
1.855761761612330e-03
1.834321514450218e-03
1.810291443698651e-03
1.783675230959552e-03
1.754555866236646e-03
1.723037297397090e-03
1.689283802302592e-03
1.653502998458750e-03
1.615956420407737e-03
1.576947917484669e-03
1.536823212944246e-03
1.495953532028059e-03
1.454730685086050e-03
1.413546456227153e-03
1.372787962754935e-03
1.332816520800689e-03
1.293967678974324e-03
1.256532471019606e-03
1.220764808188579e-03
1.186865579745824e-03
1.154997832649646e-03
1.125271913295977e-03
1.097767484360163e-03
1.072516783454948e-03
1.049532457721400e-03
1.028785939983509e-03
1.010240909354851e-03
9.938241234867255e-04
9.794654783475167e-04
9.670588146003039e-04
9.565108079187363e-04
9.476888896234018e-04
9.404828141566755e-04
9.347352856093814e-04
9.303232250510007e-04
9.270619483137436e-04
9.248218881910439e-04
9.233819879478739e-04
9.226255587535952e-04
9.222674568158548e-04
9.222674568158530e-04
6.126160250680327e-01
6.127689589335623e-01
6.154724837146142e-01
6.193190704775511e-01
6.254729900509163e-01
6.334021175815874e-01
6.435353746972367e-01
6.556647305097527e-01
6.699358688214047e-01
6.862521892071111e-01
7.046363680862384e-01
7.250152474871751e-01
7.473426544339742e-01
7.715278178565359e-01
7.974708370189860e-01
8.250432091428305e-01
8.540948178481901e-01
8.844525585661251e-01
9.159205028608991e-01
9.482851940346319e-01
9.813153739223113e-01
1.014770647805749e+00
1.048401221517139e+00
1.081958795578547e+00
1.115194994402048e+00
1.147873711417603e+00
1.179766781563386e+00
1.210667394713066e+00
1.240381934907026e+00
1.268744697918741e+00
1.295605249486941e+00
1.320845248858848e+00
1.344360918746176e+00
1.366083136602798e+00
1.385954596233383e+00
1.403954494418371e+00
1.420069764779359e+00
1.434325729112285e+00
1.446750532534607e+00
1.457413026785053e+00
1.466379500720660e+00
1.473759444798631e+00
1.479654681443006e+00
1.484211001968537e+00
1.487564763773362e+00
1.489888245533339e+00
1.491357913235926e+00
1.492144630252522e+00
1.492496881056036e+00
1.492496881056036e+00
