7.762224671127284e-01
7.764140196357202e-01
7.746766864851261e-01
7.724503839955451e-01
7.686482054034661e-01
7.638004178370770e-01
7.574891703707454e-01
7.499091636221257e-01
7.408945565613806e-01
7.305266226966456e-01
7.187479463758675e-01
7.056207450102335e-01
6.911523049596719e-01
6.754313403076269e-01
6.585213902124452e-01
6.405588445384581e-01
6.216620136727917e-01
6.020169478653374e-01
5.817885976087973e-01
5.611966073783223e-01
5.404338653523975e-01
5.197240268939444e-01
4.992627792536756e-01
4.792423177172531e-01
4.597859638235005e-01
4.420682948410489e-01
4.187393426959460e-01
4.478879876355380e-01
5.706954261055490e-01
6.514863657318148e-01
6.630825562181814e-01
6.784654356884251e-01
6.905739496146550e-01
7.018328839766901e-01
7.115694261762426e-01
7.202137107127498e-01
7.277146434815929e-01
7.342272095471349e-01
7.397912859388093e-01
7.445065891091437e-01
7.484265845600737e-01
7.516381518485351e-01
7.541947759740728e-01
7.561828614173522e-01
7.576542045866370e-01
7.587005995845312e-01
7.593724319526207e-01
7.597703812359299e-01
7.599426281369350e-01
7.599999999993124e-01
1.938046659783502e-03
1.938386005159836e-03
1.935287314351123e-03
1.931309392755446e-03
1.924509118843292e-03
1.915825244334799e-03
1.904490744328772e-03
1.890848606748297e-03
1.874560655601044e-03
1.855772579156069e-03
1.834313139366066e-03
1.810306534492943e-03
1.783661474883587e-03
1.754577367769027e-03
1.723015563955549e-03
1.689314780854491e-03
1.653469579275907e-03
1.616001267869162e-03
1.576897468394699e-03
1.536888284421661e-03
1.495878160103986e-03
1.454825189014445e-03
1.413433587769327e-03
1.372920347402924e-03
1.332524221153590e-03
1.295978564915482e-03
1.246281437507737e-03
1.308091109141323e-03
1.550705109701139e-03
1.704620162547532e-03
1.726169247145624e-03
1.754664377049999e-03
1.776950698631646e-03
1.797582003229535e-03
1.815346603706904e-03
1.831062822590179e-03
1.844657294217937e-03
1.856429324623620e-03
1.866463825560399e-03
1.874951490323006e-03
1.881996228786646e-03
1.887760399068993e-03
1.892344187002557e-03
1.895905776374640e-03
1.898539958096127e-03
1.900412529493730e-03
1.901614415237325e-03
1.902326201315600e-03
1.902634252762851e-03
1.902736850090582e-03
6.126154010186811e-01
6.127697120544545e-01
6.154716546072564e-01
6.193200674517921e-01
6.254718711509125e-01
6.334034662362051e-01
6.435338298018637e-01
6.556666073561934e-01
6.699336713685625e-01
6.862548908959177e-01
7.046331337669279e-01
7.250192795021121e-01
7.473377263011310e-01
7.715340444556551e-01
7.974630941183282e-01
8.250531003916605e-01
8.540823670589062e-01
8.844685843029947e-01
9.159002059793656e-01
9.483114370144172e-01
9.812821794868143e-01
1.014813849172598e+00
1.048347772945969e+00
1.082034401206670e+00
1.115222698755427e+00
1.146269418590761e+00
1.189558503421783e+00
1.125746880583933e+00
9.103933046842998e-01
7.952033741037160e-01
7.760057772083391e-01
7.525866871653846e-01
7.336530996768675e-01
7.162074224136824e-01
7.009917962343665e-01
6.874843212301315e-01
6.757020066731717e-01
6.654593881913317e-01
6.566711648855279e-01
6.492208901156368e-01
6.430033239898005e-01
6.379196377827586e-01
6.338558411865819e-01
6.307165068130357e-01
6.283780492114062e-01
6.267431732857867e-01
6.256763447576147e-01
6.250772019688433e-01
6.247975680912402e-01
6.247369088359349e-01
