7.762230210274804e-01
7.764167426215434e-01
7.746769636841563e-01
7.724534011801735e-01
7.686481383281430e-01
7.638037814828011e-01
7.574886880335338e-01
7.499129236723076e-01
7.408935934391472e-01
7.305308162536196e-01
7.187464579888100e-01
7.056253776446147e-01
6.911502925406171e-01
6.754363583991515e-01
6.585189345228738e-01
6.405641017808765e-01
6.216593124565722e-01
6.020221778632886e-01
5.817859941379091e-01
5.612014292052671e-01
5.404318687535040e-01
5.197280703368710e-01
4.992624051510449e-01
4.792478052433822e-01
4.598477478697133e-01
4.412079587182918e-01
4.234521218329891e-01
4.067560916513032e-01
3.907714582572769e-01
3.770610043903370e-01
3.610859195840673e-01
3.552420508419588e-01
3.289425924501493e-01
3.566022933196760e-01
5.753295540470672e-01
6.923936735938940e-01
6.742558320429587e-01
6.940215990172849e-01
6.951941598185359e-01
7.031584412885206e-01
7.064337584916954e-01
7.107161000813494e-01
7.133094105613077e-01
7.157304993559943e-01
7.173101830237535e-01
7.185412540703175e-01
7.192772466920631e-01
7.197413939325944e-01
7.199311182647264e-01
7.200000000001080e-01
1.938047647637749e-03
1.938391606410030e-03
1.935287525410765e-03
1.931315916281505e-03
1.924508177483065e-03
1.915833131921890e-03
1.904488072626214e-03
1.890858543363331e-03
1.874555378616134e-03
1.855785603822080e-03
1.834303960947073e-03
1.810324182774805e-03
1.783646517648829e-03
1.754601858459056e-03
1.722992153992766e-03
1.689349280001247e-03
1.653433927796468e-03
1.616050303663623e-03
1.576844160040836e-03
1.536958451541529e-03
1.495799343098209e-03
1.454926451538991e-03
1.413318377489847e-03
1.373072943534858e-03
1.332479030060050e-03
1.294390572000436e-03
1.255999304512612e-03
1.221524717128929e-03
1.185622803534388e-03
1.157415652892809e-03
1.120124459601812e-03
1.109551316497669e-03
1.047566427659289e-03
1.113028481130535e-03
1.546618728073673e-03
1.766505219116342e-03
1.733127821389557e-03
1.769371602305335e-03
1.771463378616704e-03
1.785950259396876e-03
1.791879510446269e-03
1.799633522686669e-03
1.804319707773698e-03
1.808692261538654e-03
1.811542474138686e-03
1.813762751450750e-03
1.815089564989659e-03
1.815926140626169e-03
1.816268049900604e-03
1.816392173159555e-03
6.126145065329734e-01
6.127706866776319e-01
6.154704932534560e-01
6.193213539962472e-01
6.254703412876215e-01
6.334051890952204e-01
6.435317734029793e-01
6.556689648691461e-01
6.699308326559176e-01
6.862582094137178e-01
7.046290878928003e-01
7.250241058704653e-01
7.473317583806058e-01
7.715413009924486e-01
7.974539986839597e-01
8.250643370173143e-01
8.540681257280771e-01
8.844863719202755e-01
9.158774864987472e-01
9.483399460211119e-01
9.812455533101472e-01
1.014859568106182e+00
1.048287941677585e+00
1.082102810867689e+00
1.115012376594057e+00
1.148100244197081e+00
1.179507070037719e+00
1.210888874229288e+00
1.240448649484364e+00
1.267676570520350e+00
1.299476121127914e+00
1.309649626975947e+00
1.371801265299255e+00
1.294776910236664e+00
8.650497678453138e-01
7.086778885727877e-01
7.267285357725680e-01
7.000803013538075e-01
6.959075478308963e-01
6.842623869831445e-01
6.784395875707198e-01
6.718555853242326e-01
6.675324809385266e-01
6.637368308729716e-01
6.611537884131138e-01
6.592255069075013e-01
6.580313952054381e-01
6.573263526026806e-01
6.570128336268121e-01
6.569355184952340e-01
