1.000000000000000e-02
3.000000000000000e-02
5.000000000000000e-02
6.999999999999999e-02
9.000000000000000e-02
1.100000000000000e-01
1.300000000000000e-01
1.500000000000000e-01
1.700000000000000e-01
1.900000000000000e-01
2.100000000000000e-01
2.300000000000000e-01
2.500000000000000e-01
2.700000000000000e-01
2.900000000000000e-01
3.100000000000000e-01
3.300000000000000e-01
3.500000000000000e-01
3.700000000000000e-01
3.900000000000000e-01
4.100000000000000e-01
4.300000000000000e-01
4.500000000000000e-01
4.700000000000000e-01
4.900000000000000e-01
5.100000000000000e-01
5.300000000000000e-01
5.500000000000000e-01
5.700000000000001e-01
5.900000000000000e-01
6.100000000000000e-01
6.300000000000000e-01
6.500000000000000e-01
6.700000000000000e-01
6.900000000000001e-01
7.100000000000001e-01
7.300000000000000e-01
7.500000000000000e-01
7.700000000000000e-01
7.900000000000000e-01
8.100000000000001e-01
8.300000000000001e-01
8.500000000000000e-01
8.700000000000000e-01
8.900000000000000e-01
9.100000000000000e-01
9.300000000000000e-01
9.500000000000001e-01
9.700000000000000e-01
9.900000000000000e-01
1.000000000000000e+00
9.996146005803247e-01
9.980045790357785e-01
9.948566882391754e-01
9.900673216110545e-01
9.836598818171506e-01
9.757510414370961e-01
9.665282116213173e-01
9.562313914377135e-01
9.451373514054551e-01
9.335454499875735e-01
9.217648559883979e-01
9.101031322650888e-01
8.988562029802382e-01
8.882997423582992e-01
8.786820146998641e-01
8.702181759552673e-01
8.630860229572405e-01
8.574231510339542e-01
8.533254562482727e-01
8.508468961909590e-01
8.500004038572592e-01
8.507598331039008e-01
8.530628017457895e-01
8.568142895791835e-01
8.618908434616431e-01
8.681452398961234e-01
8.754114571416536e-01
8.835098134335306e-01
8.922521351258839e-01
9.014468281214737e-01
9.109037374595013e-01
9.204386930127935e-01
9.298776535192514e-01
9.390603762626086e-01
9.478435552602398e-01
9.561033864652848e-01
9.637375339244455e-01
9.706664857570235e-01
9.768343029718756e-01
9.822087772875386e-01
9.867810260730188e-01
9.905645631254072e-01
9.935938931252217e-01
9.959226851772636e-01
9.976215868053084e-01
9.987757441084759e-01
9.994820965227043e-01
9.998465158087773e-01
9.999808585815957e-01
1.000000000000000e+00
