7.770196398912086e-01
7.770564855919279e-01
7.767239687509481e-01
7.762888026364352e-01
7.755374648640004e-01
7.745627361533181e-01
7.732788026112435e-01
7.717167912769496e-01
7.698382067977502e-01
7.676536991818961e-01
7.651424043240274e-01
7.623093307164257e-01
7.591399418439677e-01
7.556390643678789e-01
7.517940502005984e-01
7.476117963728597e-01
7.430797222170926e-01
7.382080585615178e-01
7.329834741226742e-01
7.274205908304937e-01
7.215048639063704e-01
7.152564182375166e-01
7.086590968169284e-01
7.017397650953406e-01
6.944801572955239e-01
6.869152462266638e-01
6.790239451338181e-01
6.708508122573691e-01
6.623709084391690e-01
6.536399482027289e-01
6.446276926880214e-01
6.354026701118226e-01
6.259273909142542e-01
6.162849574428719e-01
6.064281009126719e-01
5.964564088324563e-01
5.863096720684858e-01
5.761061084748628e-01
5.657687404542590e-01
5.554369146592149e-01
5.450123741072893e-01
5.346585937465133e-01
5.242508405044237e-01
5.139803814060219e-01
5.036901273216786e-01
4.936036260262391e-01
4.835248714879924e-01
4.737151427575469e-01
4.639322773184756e-01
4.544817888852319e-01
4.450674509474442e-01
4.360465897407372e-01
4.270603807919161e-01
4.185265330369673e-01
4.100146099711213e-01
4.020118878055547e-01
3.940076880267527e-01
3.865661407499844e-01
3.790950237072253e-01
3.722213990131240e-01
3.653289025221383e-01
3.589406998313590e-01
3.528586528772976e-01
3.464037626379445e-01
3.424417058346085e-01
3.329767069823155e-01
3.380067796620583e-01
3.115213880104765e-01
4.833203793980405e-01
6.751471188144247e-01
6.693280243592693e-01
6.786817077993786e-01
6.810813288854670e-01
6.859979949851244e-01
6.893318739654594e-01
6.929562925078787e-01
6.960308828191858e-01
6.989744234205780e-01
7.016060352445218e-01
7.040340438200503e-01
7.062230762538158e-01
7.082091409735221e-01
7.099909386326023e-01
7.115863158363611e-01
7.130021383579198e-01
7.142514229279281e-01
7.153428950429138e-01
7.162883346052670e-01
7.170967742810485e-01
7.177798744907227e-01
7.183466030833877e-01
7.188089442056786e-01
7.191756983993837e-01
7.194594106806578e-01
7.196686316401234e-01
7.198166233211907e-01
7.199115445661367e-01
7.199674835718516e-01
7.199919727927567e-01
7.200000000001753e-01
1.939468133229334e-03
1.939533704312715e-03
1.938940904393725e-03
1.938164695236664e-03
1.936824475651448e-03
1.935084969998752e-03
1.932792794802928e-03
1.930002485917245e-03
1.926644545373997e-03
1.922736601507083e-03
1.918240111880971e-03
1.913162163699458e-03
1.907474987299657e-03
1.901184824123427e-03
1.894266702798261e-03
1.886730040645316e-03
1.878549325116051e-03
1.869739469639149e-03
1.860272824346488e-03
1.850171848889206e-03
1.839405721986355e-03
1.828006752650713e-03
1.815939909193180e-03
1.803250120644514e-03
1.789896729736888e-03
1.775940658256002e-03
1.761333485413763e-03
1.746156256780154e-03
1.730349523239452e-03
1.714019587963319e-03
1.697091064571076e-03
1.679702052435004e-03
1.661753986106986e-03
1.643425354334991e-03
1.624583896856690e-03
1.605460162145331e-03
1.585873088002630e-03
1.566121601005767e-03
1.545954251561516e-03
1.525761679106848e-03
1.505191228825427e-03
1.484759129925433e-03
1.463967400211688e-03
1.443507489551956e-03
1.422672597782946e-03
1.402402464302706e-03
1.381689555266626e-03
1.361829739539561e-03
1.341380879144498e-03
1.322154330493682e-03
1.302077332180285e-03
1.283712409114945e-03
1.264067901718311e-03
1.246806304781329e-03
1.227591764416512e-03
1.211703014462811e-03
1.192832286910507e-03
1.178635083793198e-03
1.159916398714417e-03
1.147793508247134e-03
1.128944948753837e-03
1.119249856394251e-03
1.100201182105057e-03
1.092482888061194e-03
1.075281264990611e-03
1.064034711731520e-03
1.062854159549905e-03
1.017738712461817e-03
1.366947137277057e-03
1.734669516414294e-03
1.723928267096193e-03
1.741122999921345e-03
1.745506225605383e-03
1.754499297721090e-03
1.760581850654583e-03
1.767188152354812e-03
1.772783491559813e-03
1.778134406668705e-03
1.782912674558965e-03
1.787316920521295e-03
1.791283975629553e-03
1.794880255940630e-03
1.798104245018381e-03
1.800989016549814e-03
1.803547601000361e-03
1.805804058062153e-03
1.807774573653149e-03
1.809480774239524e-03
1.810939239245373e-03
1.812171233473140e-03
1.813193100467955e-03
1.814026583835510e-03
1.814687642442809e-03
1.815198959195547e-03
1.815575988938202e-03
1.815842661927159e-03
1.816013696690504e-03
1.816114488103328e-03
1.816158612275623e-03
1.816173075368857e-03
6.113275876202320e-01
6.113572982492460e-01
6.118758761334315e-01
6.126329714362903e-01
6.138591101933325e-01
6.154737225097703e-01
6.175672326759170e-01
6.201190020049098e-01
6.231650345763172e-01
6.267045518178676e-01
6.307508005135666e-01
6.353090626458289e-01
6.403818493633768e-01
6.459760843625079e-01
6.520880769316154e-01
6.587252316447859e-01
6.658791756188699e-01
6.735577317522485e-01
6.817480405783084e-01
6.904586614726830e-01
6.996717684763230e-01
7.093971656102581e-01
7.196111482180528e-01
7.303254713117274e-01
7.415092785985022e-01
7.531772751002744e-01
7.652898010632797e-01
7.778659525282344e-01
7.908551479568812e-01
8.042829635517021e-01
8.180851442808337e-01
8.322967676869581e-01
8.468362430514291e-01
8.617525031097323e-01
8.769416080901727e-01
8.924726134524592e-01
9.082121777206155e-01
9.242585228816661e-01
9.404387490092861e-01
9.568933683342555e-01
9.733950209601651e-01
9.901457069378815e-01
1.006841436146320e+00
1.023774038982265e+00
1.040529574198032e+00
1.057531934911804e+00
1.074206785652991e+00
1.091173538845526e+00
1.107620714165743e+00
1.124459247193231e+00
1.140523335445702e+00
1.157161431208083e+00
1.172674129845075e+00
1.189070195868763e+00
1.203841945423282e+00
1.219999478935071e+00
1.233804556963478e+00
1.249795473358694e+00
1.262340709516902e+00
1.278360204674303e+00
1.289182534167150e+00
1.305766220918299e+00
1.313747326235982e+00
1.332863055050532e+00
1.333721292275767e+00
1.364268219751333e+00
1.337925777052698e+00
1.421755687909099e+00
1.014151413186870e+00
7.314307114577433e-01
7.365796784486957e-01
7.234057104679811e-01
7.187712988838910e-01
7.112449962334199e-01
7.057228891554544e-01
6.999745472048950e-01
6.949855346210179e-01
6.902601522805327e-01
6.860039338410037e-01
6.820871844622828e-01
6.785454331009878e-01
6.753336445564367e-01
6.724478245008345e-01
6.698642323190180e-01
6.675692289785607e-01
6.655448850803848e-01
6.637749987374170e-01
6.622433285985707e-01
6.609327228266820e-01
6.598274114220805e-01
6.589095571282415e-01
6.581634728168815e-01
6.575705867823243e-01
6.571152032415507e-01
6.567779276885636e-01
6.565431280767678e-01
6.563905378221265e-01
6.563047999697299e-01
6.562647901387834e-01
6.562557813973506e-01
