2.500000000000000e-03
7.500000000000000e-03
1.250000000000000e-02
1.750000000000000e-02
2.250000000000000e-02
2.750000000000000e-02
3.250000000000000e-02
3.750000000000001e-02
4.250000000000000e-02
4.750000000000000e-02
5.250000000000000e-02
5.750000000000000e-02
6.250000000000000e-02
6.750000000000000e-02
7.250000000000001e-02
7.750000000000000e-02
8.250000000000000e-02
8.750000000000001e-02
9.250000000000000e-02
9.750000000000000e-02
1.025000000000000e-01
1.075000000000000e-01
1.125000000000000e-01
1.175000000000000e-01
1.225000000000000e-01
1.275000000000000e-01
1.325000000000000e-01
1.375000000000000e-01
1.425000000000000e-01
1.475000000000000e-01
1.525000000000000e-01
1.575000000000000e-01
1.625000000000000e-01
1.675000000000000e-01
1.725000000000000e-01
1.775000000000000e-01
1.825000000000000e-01
1.875000000000000e-01
1.925000000000000e-01
1.975000000000000e-01
2.025000000000000e-01
2.075000000000000e-01
2.125000000000000e-01
2.175000000000000e-01
2.225000000000000e-01
2.275000000000000e-01
2.325000000000000e-01
2.375000000000000e-01
2.425000000000000e-01
2.475000000000000e-01
2.525000000000000e-01
2.575000000000000e-01
2.625000000000000e-01
2.675000000000000e-01
2.725000000000000e-01
2.775000000000000e-01
2.825000000000000e-01
2.875000000000000e-01
2.925000000000000e-01
2.975000000000000e-01
3.025000000000000e-01
3.075000000000000e-01
3.125000000000000e-01
3.175000000000000e-01
3.225000000000000e-01
3.275000000000000e-01
3.325000000000000e-01
3.375000000000000e-01
3.425000000000000e-01
3.475000000000000e-01
3.525000000000000e-01
3.575000000000000e-01
3.625000000000000e-01
3.675000000000000e-01
3.725000000000000e-01
3.775000000000000e-01
3.825000000000000e-01
3.875000000000000e-01
3.925000000000000e-01
3.975000000000000e-01
4.025000000000000e-01
4.075000000000000e-01
4.125000000000000e-01
4.175000000000000e-01
4.225000000000000e-01
4.275000000000000e-01
4.325000000000000e-01
4.375000000000000e-01
4.425000000000000e-01
4.475000000000000e-01
4.525000000000000e-01
4.575000000000000e-01
4.625000000000000e-01
4.675000000000000e-01
4.725000000000000e-01
4.775000000000000e-01
4.825000000000000e-01
4.875000000000000e-01
4.925000000000000e-01
4.975000000000000e-01
5.024999999999999e-01
5.075000000000000e-01
5.125000000000000e-01
5.175000000000000e-01
5.225000000000000e-01
5.275000000000000e-01
5.325000000000000e-01
5.375000000000000e-01
5.425000000000000e-01
5.475000000000000e-01
5.525000000000000e-01
5.575000000000000e-01
5.625000000000000e-01
5.675000000000000e-01
5.725000000000000e-01
5.775000000000000e-01
5.824999999999999e-01
5.874999999999999e-01
5.924999999999999e-01
5.974999999999999e-01
6.024999999999999e-01
6.074999999999999e-01
6.124999999999999e-01
6.174999999999999e-01
6.224999999999999e-01
6.274999999999999e-01
6.325000000000000e-01
6.375000000000000e-01
6.425000000000000e-01
6.475000000000000e-01
6.525000000000000e-01
6.575000000000000e-01
6.625000000000000e-01
6.675000000000000e-01
6.725000000000000e-01
6.775000000000000e-01
6.825000000000000e-01
6.875000000000000e-01
6.925000000000000e-01
6.975000000000000e-01
7.025000000000000e-01
7.074999999999999e-01
7.124999999999999e-01
7.174999999999999e-01
7.224999999999999e-01
7.274999999999999e-01
7.324999999999999e-01
7.374999999999999e-01
7.424999999999999e-01
7.474999999999999e-01
7.524999999999999e-01
7.575000000000000e-01
7.625000000000000e-01
7.675000000000000e-01
7.725000000000000e-01
7.775000000000000e-01
7.825000000000000e-01
7.875000000000000e-01
7.925000000000000e-01
7.975000000000000e-01
8.025000000000000e-01
8.075000000000000e-01
8.125000000000000e-01
8.175000000000000e-01
8.225000000000000e-01
8.275000000000000e-01
8.325000000000000e-01
8.374999999999999e-01
8.424999999999999e-01
8.474999999999999e-01
8.524999999999999e-01
8.574999999999999e-01
8.624999999999999e-01
8.674999999999999e-01
8.724999999999999e-01
8.774999999999999e-01
8.825000000000000e-01
8.875000000000000e-01
8.925000000000000e-01
8.975000000000000e-01
9.025000000000000e-01
9.075000000000000e-01
9.125000000000000e-01
9.175000000000000e-01
9.225000000000000e-01
9.275000000000000e-01
9.325000000000000e-01
9.375000000000000e-01
9.425000000000000e-01
9.475000000000000e-01
9.525000000000000e-01
9.575000000000000e-01
9.624999999999999e-01
9.674999999999999e-01
9.724999999999999e-01
9.774999999999999e-01
9.824999999999999e-01
9.874999999999999e-01
9.924999999999999e-01
9.974999999999999e-01
1.000000000000000e+00
9.999860484395919e-01
9.999265167500812e-01
9.998061026609828e-01
9.996146005803247e-01
9.993442572411498e-01
9.989889327519237e-01
9.985436940499334e-01
9.980045790357785e-01
9.973684437907777e-01
9.966328556650706e-01
9.957960139545341e-01
9.948566882391754e-01
9.938141685800282e-01
9.926682239848170e-01
9.914190668199707e-01
9.900673216110545e-01
9.886139971550084e-01
9.870604611816749e-01
9.854084170133717e-01
9.836598818171506e-01
9.818171661473986e-01
9.798828545506323e-01
9.778597870587067e-01
9.757510414370961e-01
9.735599160853933e-01
9.712899135104178e-01
9.689447243102368e-01
9.665282116213173e-01
9.640443959919247e-01
9.614974406534670e-01
9.588916371682759e-01
9.562313914377135e-01
9.535212100587874e-01
9.507656870208792e-01
9.479694907369139e-01
9.451373514054551e-01
9.422740487019108e-01
9.393843997983704e-01
9.364732477126088e-01
9.335454499875735e-01
9.306058677032351e-01
9.276593548230717e-01
9.247107478777131e-01
9.217648559883979e-01
9.188264512329318e-01
9.159002593567832e-01
9.129909508318284e-01
9.101031322650888e-01
9.072413381595680e-01
9.044100230290356e-01
9.016135538683064e-01
8.988562029802382e-01
8.961421411603249e-01
8.934754312394011e-01
8.908600219845971e-01
8.882997423582992e-01
8.857982961344780e-01
8.833592568713551e-01
8.809860632389752e-01
8.786820146998641e-01
8.764502675405468e-01
8.742938312513213e-01
8.722155652512890e-01
8.702181759552673e-01
8.683042141788405e-01
8.664760728774376e-01
8.647359852149720e-01
8.630860229572405e-01
8.615280951849343e-01
8.600639473208049e-01
8.586951604652078e-01
8.574231510339542e-01
8.562491706921161e-01
8.551743065771515e-01
8.541994818044658e-01
8.533254562482727e-01
8.525528275903919e-01
8.518820326293954e-01
8.513133488423194e-01
8.508468961909590e-01
8.504826391645965e-01
8.502203890508423e-01
8.500598064261288e-01
8.500004038572592e-01
8.500415488052926e-01
8.501824667229465e-01
8.504222443365987e-01
8.507598331039008e-01
8.511940528379434e-01
8.517235954888680e-01
8.523470290737793e-01
8.530628017457895e-01
8.538692459930115e-01
8.547645829583219e-01
8.557469268707263e-01
8.568142895791835e-01
8.579645851797857e-01
8.591956347272376e-01
8.605051710216385e-01
8.618908434616431e-01
8.633502229551582e-01
8.648808068788227e-01
8.664800240776259e-01
8.681452398961234e-01
8.698737612328385e-01
8.716628416095645e-01
8.735096862474184e-01
8.754114571416536e-01
8.773652781273850e-01
8.793682399285488e-01
8.814174051825877e-01
8.835098134335306e-01
8.856424860863181e-01
8.878124313154180e-01
8.900166489209675e-01
8.922521351258839e-01
8.945158873075898e-01
8.968049086582084e-01
8.991162127673065e-01
9.014468281214737e-01
9.037938025152576e-01
9.061542073681950e-01
9.085251419429126e-01
9.109037374595013e-01
9.132871611016024e-01
9.156726199098788e-01
9.180573645587868e-01
9.204386930127934e-01
9.228139540584369e-01
9.251805507088554e-01
9.275359434776587e-01
9.298776535192513e-01
9.322032656329627e-01
9.345104311285705e-01
9.367968705510491e-01
9.390603762626086e-01
9.412988148803243e-01
9.435101295678918e-01
9.456923421802751e-01
9.478435552602398e-01
9.499619538859958e-01
9.520458073693929e-01
9.540934708043332e-01
9.561033864652848e-01
9.580740850559919e-01
9.600041868086848e-01
9.618924024343034e-01
9.637375339244455e-01
9.655384752059494e-01
9.672942126492147e-01
9.690038254315501e-01
9.706664857570235e-01
9.722814589344650e-01
9.738481033154476e-01
9.753658700942384e-01
9.768343029718756e-01
9.782530376866809e-01
9.796218014136725e-01
9.809404120354837e-01
9.822087772875386e-01
9.834268937803631e-01
9.845948459020415e-01
9.857128046039509e-01
9.867810260730188e-01
9.877998502938593e-01
9.887696995042512e-01
9.896910765475102e-01
9.905645631254071e-01
9.913908179553622e-01
9.921705748357282e-01
9.929046406230462e-01
9.935938931252217e-01
9.942392789146343e-01
9.948418110652403e-01
9.954025668177836e-01
9.959226851772636e-01
9.964033644468511e-01
9.968458597024680e-01
9.972514802122724e-01
9.976215868053084e-01
9.979575891935900e-01
9.982609432518956e-01
9.985331482595518e-01
9.987757441084759e-01
9.989903084817408e-01
9.991784540069045e-01
9.993418253883324e-01
9.994820965227043e-01
9.996009676018782e-01
9.997001622072365e-01
9.997814243996033e-01
9.998465158087773e-01
9.998972127266711e-01
9.999353032079933e-01
9.999625841823522e-01
9.999808585815957e-01
9.999919324861340e-01
9.999976122939208e-01
9.999997019156943e-01
1.000000000000000e+00
