7.773855356304988e-01
7.773924422378486e-01
7.773293337927608e-01
7.772457522915492e-01
7.771009663656234e-01
7.769111143348298e-01
7.766596297105005e-01
7.763507530497721e-01
7.759770245856999e-01
7.755386888025317e-01
7.750318849093414e-01
7.744556620361940e-01
7.738076886719925e-01
7.730867742324672e-01
7.722913106272735e-01
7.714201683468414e-01
7.704721307870509e-01
7.694462050232473e-01
7.683414173847151e-01
7.671569148690592e-01
7.658918931669504e-01
7.645456237181527e-01
7.631174316199366e-01
7.616066961707947e-01
7.600128491216256e-01
7.583353651472773e-01
7.565737701291988e-01
7.547276267047878e-01
7.527965492979560e-01
7.507801858031588e-01
7.486782387389042e-01
7.464904425597618e-01
7.442165914327027e-01
7.418565109558958e-01
7.394100936759611e-01
7.368772635210070e-01
7.342580206661559e-01
7.315523965360743e-01
7.287605101342591e-01
7.258825109455933e-01
7.229186494409717e-01
7.198692045642617e-01
7.167345718534628e-01
7.135151713898183e-01
7.102115578822548e-01
7.068243039478554e-01
7.033541376354336e-01
6.998017946466373e-01
6.961681901843194e-01
6.924542321511055e-01
6.886610359693248e-01
6.847896888322433e-01
6.808415183418740e-01
6.768177954421041e-01
6.727200704667556e-01
6.685497993340471e-01
6.643087640245880e-01
6.599986028137742e-01
6.556213364751646e-01
6.511787785854699e-01
6.466731940810712e-01
6.421065597566988e-01
6.374813884512553e-01
6.327998024855650e-01
6.280645650415371e-01
6.232779200840973e-01
6.184428828285065e-01
6.135617882141742e-01
6.086379052320962e-01
6.036736216988262e-01
5.986724632682254e-01
5.936368243873003e-01
5.885704928286611e-01
5.834758144163253e-01
5.783568488678377e-01
5.732158280593117e-01
5.680571000828639e-01
5.628827061065830e-01
5.576973083611610e-01
5.525026673340774e-01
5.473037978041104e-01
5.421020740619292e-01
5.369029184860854e-01
5.317071950551735e-01
5.265208102582583e-01
5.213439710632252e-01
5.161831718492574e-01
5.110377881335579e-01
5.059150402562468e-01
5.008132634791430e-01
4.957405849772749e-01
4.906940481520849e-01
4.856829210370472e-01
4.807026501090709e-01
4.757639440384366e-01
4.708602804864574e-01
4.660041896713690e-01
4.611867250751605e-01
4.564227192712494e-01
4.517002421411025e-01
4.470370321814093e-01
4.424174869151341e-01
4.378630048750284e-01
4.333534623128654e-01
4.289148560622265e-01
4.245214947686733e-01
4.202051363707074e-01
4.159332335018939e-01
4.117447406580348e-01
4.075986710914304e-01
4.035429405962063e-01
3.995261829267334e-01
3.956074348623261e-01
3.917225829310308e-01
3.879444140644567e-01
3.841931929116683e-01
3.805586374279550e-01
3.769419229348857e-01
3.734535183699345e-01
3.699713599105622e-01
3.666312172494910e-01
3.632828588763916e-01
3.600927473104400e-01
3.568766127637978e-01
3.538381463989411e-01
3.507515653329148e-01
3.478670286201510e-01
3.449044228674858e-01
3.421812144019349e-01
3.393238698913313e-01
3.367980936622770e-01
3.339605807646430e-01
3.318168309817682e-01
3.285806906906191e-01
3.277356495503420e-01
3.220879641858745e-01
3.269600122531294e-01
5.376659975049547e-01
6.862097663390309e-01
6.605766940789635e-01
6.756064663703191e-01
6.728444574208142e-01
6.774399519039769e-01
6.786887029982493e-01
6.812891539522069e-01
6.831633127503791e-01
6.852504031740357e-01
6.871256639149492e-01
6.889884177357214e-01
6.907486852863582e-01
6.924519085231275e-01
6.940792767452385e-01
6.956426028199009e-01
6.971388173501115e-01
6.985720094552860e-01
6.999426745209241e-01
7.012530114673752e-01
7.025043071560227e-01
7.036982432916897e-01
7.048362522439258e-01
7.059198399643665e-01
7.069504360918429e-01
7.079294643095135e-01
7.088583226247012e-01
7.097383835877250e-01
7.105710134260246e-01
7.113575478713942e-01
7.120993277967793e-01
7.127976611908513e-01
7.134538711091037e-01
7.140692447105553e-01
7.146450945887171e-01
7.151826926810465e-01
7.156833480461458e-01
7.161483219377365e-01
7.165789263880751e-01
7.169764154675177e-01
7.173421103405135e-01
7.176772603010413e-01
7.179832015364829e-01
7.182611797642290e-01
7.185125519092559e-01
7.187385599407311e-01
7.189405871683843e-01
7.191198700544805e-01
7.192778240106041e-01
7.194156763744624e-01
7.195348806276188e-01
7.196366491703662e-01
7.197224800164520e-01
7.197935622086582e-01
7.198514455766271e-01
7.198972842748967e-01
7.199326884937205e-01
7.199587622426216e-01
7.199771864640474e-01
7.199889952847722e-01
7.199959534128033e-01
7.199989999428226e-01
7.200000000004856e-01
1.940120438305679e-03
1.940132746148326e-03
1.940020247498330e-03
1.939871238703659e-03
1.939613111606824e-03
1.939274610508064e-03
1.938826185159601e-03
1.938275359384697e-03
1.937608795712730e-03
1.936826877342994e-03
1.935922660005815e-03
1.934894374606691e-03
1.933737778986604e-03
1.932450652340395e-03
1.931030016339699e-03
1.929473732490491e-03
1.927779492885505e-03
1.925945374197500e-03
1.923969472540454e-03
1.921850084174464e-03
1.919585576609465e-03
1.917174436696153e-03
1.914615230740569e-03
1.911906605311464e-03
1.909047283668982e-03
1.906036048627934e-03
1.902871756902536e-03
1.899553313229700e-03
1.896079696777301e-03
1.892449928427591e-03
1.888663108150501e-03
1.884718374553226e-03
1.880614954139427e-03
1.876352110948683e-03
1.871929209740575e-03
1.867345652694248e-03
1.862600959449264e-03
1.857694687008994e-03
1.852626530504000e-03
1.847396221476145e-03
1.842003654332590e-03
1.836448756988607e-03
1.830731649336977e-03
1.824852478720446e-03
1.818811618435754e-03
1.812609458608689e-03
1.806246654878673e-03
1.799723862860713e-03
1.793042049830744e-03
1.786202157954057e-03
1.779205495159315e-03
1.772053308531868e-03
1.764747274807542e-03
1.757288960571248e-03
1.749680438150591e-03
1.741923603267522e-03
1.734020948859259e-03
1.725974703275543e-03
1.717787803073370e-03
1.709462805315601e-03
1.701003111151281e-03
1.692411593714210e-03
1.683692137925558e-03
1.674847910217857e-03
1.665883297270751e-03
1.656801724395270e-03
1.647608097865524e-03
1.638306054112113e-03
1.628901038288613e-03
1.619396834893270e-03
1.609799450987438e-03
1.600112738437556e-03
1.590343296151299e-03
1.580494942060993e-03
1.570574908045793e-03
1.560586852353749e-03
1.550538697856568e-03
1.540433787771816e-03
1.530280818477725e-03
1.520082626178239e-03
1.509848797898882e-03
1.499581424433724e-03
1.489291148835855e-03
1.478979017958305e-03
1.468656962969364e-03
1.458324608699011e-03
1.447995498574804e-03
1.437667350116876e-03
1.427355770436673e-03
1.417055937636685e-03
1.406786150755814e-03
1.396538212487883e-03
1.386333989312342e-03
1.376160786018796e-03
1.366045260499659e-03
1.355968690409671e-03
1.345964244074946e-03
1.336005060260057e-03
1.326133245683403e-03
1.316310847790934e-03
1.306592362536246e-03
1.296924572360750e-03
1.287379299220070e-03
1.277882102585788e-03
1.268529238695934e-03
1.259216466447342e-03
1.250074774388163e-03
1.240957681132093e-03
1.232045911244875e-03
1.223132589606645e-03
1.214470147312340e-03
1.205764684478186e-03
1.197372653482606e-03
1.188873890622954e-03
1.180776578797199e-03
1.172476264975792e-03
1.164703523754448e-03
1.156583552580574e-03
1.149174247291834e-03
1.141202508633098e-03
1.134209710243984e-03
1.126333847157800e-03
1.119832627178366e-03
1.111970570837278e-03
1.106069880724915e-03
1.098095090878752e-03
1.092956859132365e-03
1.084673027271674e-03
1.080548092617903e-03
1.071634222928595e-03
1.068954693767774e-03
1.058795881820978e-03
1.058506241850511e-03
1.045515763482924e-03
1.050495380328674e-03
1.029123676337933e-03
1.050678240142615e-03
1.473595074889897e-03
1.754738948563001e-03
1.707650932501177e-03
1.735355312456451e-03
1.730272844115907e-03
1.738711083751792e-03
1.740996628390074e-03
1.745759274305413e-03
1.749187082560915e-03
1.753002065235861e-03
1.756426694889222e-03
1.759826026107330e-03
1.763035861740625e-03
1.766139505244659e-03
1.769102886820924e-03
1.771947803484056e-03
1.774668891644773e-03
1.777273814887004e-03
1.779763674481413e-03
1.782142655907917e-03
1.784413270502518e-03
1.786578733090520e-03
1.788641792206626e-03
1.790605317454798e-03
1.792472028278522e-03
1.794244622277874e-03
1.795925740262759e-03
1.797517967183620e-03
1.799023867554066e-03
1.800445942104371e-03
1.801786693000247e-03
1.803048555375599e-03
1.804233984740194e-03
1.805345365088524e-03
1.806385120407590e-03
1.807355595437706e-03
1.808259196805588e-03
1.809098239770273e-03
1.809875126836332e-03
1.810592151528132e-03
1.811251724688284e-03
1.811856123746802e-03
1.812407779732608e-03
1.812908957326059e-03
1.813362119157417e-03
1.813769517921980e-03
1.814133659038475e-03
1.814456781021016e-03
1.814741443289939e-03
1.814989864535738e-03
1.815204669749641e-03
1.815388048105651e-03
1.815542702530501e-03
1.815670778195289e-03
1.815775069711917e-03
1.815857658058989e-03
1.815921445458649e-03
1.815968421691681e-03
1.816001615744283e-03
1.816022891014129e-03
1.816035427027548e-03
1.816040915754171e-03
1.816042717487734e-03
6.107361524320426e-01
6.107417226307609e-01
6.108405105007517e-01
6.109858452981097e-01
6.112230566394162e-01
6.115381383015535e-01
6.119503621746699e-01
6.124571655928708e-01
6.130677866089024e-01
6.137832677542322e-01
6.146087011448530e-01
6.155459970921000e-01
6.165983514617903e-01
6.177676460655108e-01
6.190560853188591e-01
6.204652717474134e-01
6.219968120106975e-01
6.236519941677919e-01
6.254320182453091e-01
6.273378867027369e-01
6.293704980379328e-01
6.315306104563646e-01
6.338188854707215e-01
6.362358746634715e-01
6.387820452420965e-01
6.414577720550179e-01
6.442633571890768e-01
6.471990208166964e-01
6.502649198100833e-01
6.534611348983548e-01
6.567876908041973e-01
6.602445383868992e-01
6.638315780462665e-01
6.675486357412126e-01
6.713954913015503e-01
6.753718470436330e-01
6.794773628159189e-01
6.837116155815115e-01
6.880741433796843e-01
6.925643937621365e-01
6.971817793548885e-01
7.019256124172591e-01
7.067951753489450e-01
7.117896378607050e-01
7.169081466223280e-01
7.221497205488072e-01
7.275133648730898e-01
7.329979388048878e-01
7.386023006995277e-01
7.443251407659164e-01
7.501651657698640e-01
7.561208874605282e-01
7.621908574964837e-01
7.683733997082608e-01
7.746669088005976e-01
7.810695113214503e-01
7.875794453442687e-01
7.941946308777431e-01
8.009131523863819e-01
8.077327141016241e-01
8.146512531789932e-01
8.216662486398393e-01
8.287755005529296e-01
8.359762527328494e-01
8.432661830445046e-01
8.506422889717921e-01
8.581021465886592e-01
8.656424939892230e-01
8.732608324510787e-01
8.809536245668844e-01
8.887183316994227e-01
8.965511202624864e-01
9.044494561299525e-01
9.124091822690485e-01
9.204278251817199e-01
9.285008678359415e-01
9.366259679975356e-01
9.447981992120402e-01
9.530154394424071e-01
9.612722857297193e-01
9.695669485779248e-01
9.778934573448407e-01
9.862504978278808e-01
9.946314076908060e-01
1.003035530866261e+00
1.011455344500510e+00
1.019891087123539e+00
1.028334145100894e+00
1.036785960748245e+00
1.045236514588642e+00
1.053688861885742e+00
1.062131144245235e+00
1.070568578251301e+00
1.078986867730156e+00
1.087394135190007e+00
1.095772812580587e+00
1.104134952744713e+00
1.112458544510079e+00
1.120760998719336e+00
1.129014201889044e+00
1.137242937365591e+00
1.145410617535481e+00
1.153552274201225e+00
1.161619424443661e+00
1.169661498687287e+00
1.177613141181377e+00
1.185544228211995e+00
1.193365231173406e+00
1.201175359297383e+00
1.208850127631536e+00
1.216531235545055e+00
1.224043212000392e+00
1.231589847150743e+00
1.238920727728579e+00
1.246331084723925e+00
1.253459601852712e+00
1.260737081941483e+00
1.267637132744013e+00
1.274792698932446e+00
1.281430481749817e+00
1.288486222007511e+00
1.294815881313300e+00
1.301810375512418e+00
1.307767472302953e+00
1.314763679132063e+00
1.320255905034560e+00
1.327351571028265e+00
1.332248379317058e+00
1.339583057293094e+00
1.343720342218797e+00
1.351439421462687e+00
1.354732514421174e+00
1.362696815165073e+00
1.365836153683260e+00
1.372037044775035e+00
1.380026171913355e+00
1.372793815369381e+00
9.218297863700442e-01
7.183028823570963e-01
7.484830652664608e-01
7.291081445687668e-01
7.315195493634843e-01
7.250394134763031e-01
7.226391082555318e-01
7.186429632678892e-01
7.155490741102791e-01
7.122312599629184e-01
7.091957950411711e-01
7.062048228742858e-01
7.033643174176282e-01
7.006198932037423e-01
6.979930613990125e-01
6.954693086183483e-01
6.930516193904808e-01
6.907346123926114e-01
6.885171283825577e-01
6.863960292605958e-01
6.843692609421419e-01
6.824343090772719e-01
6.805889714007661e-01
6.788309507628005e-01
6.771580624499499e-01
6.755681110156506e-01
6.740589575257944e-01
6.726284663108779e-01
6.712745403899095e-01
6.699950822398536e-01
6.687880265429276e-01
6.676512989324521e-01
6.665828552123623e-01
6.655806320686674e-01
6.646425970734871e-01
6.637666875774803e-01
6.629508750380099e-01
6.621930883477085e-01
6.614912964731664e-01
6.608434117671412e-01
6.602473958559362e-01
6.597011373704352e-01
6.592025873325684e-01
6.587496042633513e-01
6.583401270125616e-01
6.579719783033845e-01
6.576430851075221e-01
6.573512292636660e-01
6.570943282431704e-01
6.568701183952672e-01
6.566765124337922e-01
6.565111969369961e-01
6.563720873153888e-01
6.562568162007913e-01
6.561633122855828e-01
6.560891498843847e-01
6.560322851926879e-01
6.559902292264271e-01
6.559609841487667e-01
6.559419915189288e-01
6.559313229083061e-01
6.559263423239338e-01
6.559252200514767e-01
