2.000000000000000e-02
6.000000000000000e-02
1.000000000000000e-01
1.400000000000000e-01
1.800000000000000e-01
2.200000000000000e-01
2.600000000000000e-01
3.000000000000000e-01
3.400000000000000e-01
3.800000000000000e-01
4.200000000000000e-01
4.600000000000000e-01
5.000000000000000e-01
5.400000000000000e-01
5.800000000000001e-01
6.200000000000000e-01
6.600000000000000e-01
7.000000000000001e-01
7.400000000000000e-01
7.800000000000000e-01
8.200000000000001e-01
8.600000000000000e-01
9.000000000000000e-01
9.400000000000001e-01
9.800000000000000e-01
1.000000000000000e+00
9.980045790357785e-01
9.900673216110545e-01
9.757510414370961e-01
9.562313914377135e-01
9.335454499875735e-01
9.101031322650888e-01
8.882997423582992e-01
8.702181759552672e-01
8.574231510339542e-01
8.508468961909590e-01
8.507598331039008e-01
8.568142895791835e-01
8.681452398961234e-01
8.835098134335306e-01
9.014468281214737e-01
9.204386930127935e-01
9.390603762626086e-01
9.561033864652848e-01
9.706664857570235e-01
9.822087772875386e-01
9.905645631254072e-01
9.959226851772636e-01
9.987757441084759e-01
9.998465158087773e-01
1.000000000000000e+00
