7.742448487656497e-01
7.752658897082008e-01
7.662178816158307e-01
7.553066334886688e-01
7.366369944809092e-01
7.138058610100505e-01
6.845523904874096e-01
6.510059502885949e-01
6.130417467406083e-01
5.726633785823642e-01
5.310587284238607e-01
4.902060946881023e-01
4.518669328057954e-01
4.138997404884719e-01
3.916101324892270e-01
3.421275133294603e-01
3.857634244944738e-01
6.041692472724590e-01
7.001272364419759e-01
6.911352267766346e-01
7.111397163088253e-01
7.123117369881991e-01
7.184900575234254e-01
7.187440790634201e-01
7.200000000000386e-01
1.934518480234512e-03
1.936282702205451e-03
1.920124591027021e-03
1.900481046090141e-03
1.866705180106119e-03
1.825124065790833e-03
1.771169883034569e-03
1.708692226054455e-03
1.636630190016202e-03
1.558915279208545e-03
1.476812018232959e-03
1.394854588339309e-03
1.315605840037640e-03
1.235908236812905e-03
1.187289083523374e-03
1.079235266630659e-03
1.173312879996344e-03
1.601692797653908e-03
1.780749497621577e-03
1.764115549782252e-03
1.800546062640546e-03
1.802637253333665e-03
1.813801543067756e-03
1.814259155308302e-03
1.816522457477137e-03
6.158058772831829e-01
6.166225564824701e-01
6.304031715886835e-01
6.490140503909215e-01
6.781694358718774e-01
7.143238712920894e-01
7.591824007651067e-01
8.109532929547688e-01
8.689890503794541e-01
9.320265905643338e-01
9.977154865420950e-01
1.065038622239995e+00
1.129844634871065e+00
1.199057283949753e+00
1.236687454606994e+00
1.347745156539352e+00
1.225642166707466e+00
8.233779425139365e-01
6.958068823880157e-01
7.005539396580563e-01
6.734618772319954e-01
6.693101268965523e-01
6.608893073905133e-01
6.597988273040492e-01
6.583882326357827e-01
