7.762230210274773e-01
7.764167426215368e-01
7.746769636841523e-01
7.724534011801661e-01
7.686481383281416e-01
7.638037814827956e-01
7.574886880335324e-01
7.499129236723046e-01
7.408935934391495e-01
7.305308162536150e-01
7.187464579888120e-01
7.056253776446085e-01
6.911502925406159e-01
6.754363583991435e-01
6.585189345228738e-01
6.405641017808659e-01
6.216593124565725e-01
6.020221778632805e-01
5.817859941379112e-01
5.612014292052624e-01
5.404318687535062e-01
5.197280703368626e-01
4.992624051510462e-01
4.792478052433739e-01
4.598477478697163e-01
4.412079587182839e-01
4.234521218329899e-01
4.067560916513064e-01
3.907714582572541e-01
3.770610043904012e-01
3.610859195838919e-01
3.552420508424035e-01
3.289425924492639e-01
3.566022933224752e-01
5.753295540508486e-01
6.923936735936144e-01
6.742558320430293e-01
6.940215990171938e-01
6.951941598185271e-01
7.031584412884742e-01
7.064337584916676e-01
7.107161000813123e-01
7.133094105612742e-01
7.157304993559613e-01
7.173101830237244e-01
7.185412540702879e-01
7.192772466920345e-01
7.197413939325669e-01
7.199311182647001e-01
7.200000000000817e-01
1.938047647637744e-03
1.938391606410018e-03
1.935287525410755e-03
1.931315916281487e-03
1.924508177483068e-03
1.915833131921889e-03
1.904488072626216e-03
1.890858543363330e-03
1.874555378616150e-03
1.855785603822080e-03
1.834303960947096e-03
1.810324182774797e-03
1.783646517648849e-03
1.754601858459055e-03
1.722992153992794e-03
1.689349280001224e-03
1.653433927796493e-03
1.616050303663597e-03
1.576844160040877e-03
1.536958451541503e-03
1.495799343098271e-03
1.454926451538944e-03
1.413318377489916e-03
1.373072943534785e-03
1.332479030060144e-03
1.294390572000330e-03
1.255999304512738e-03
1.221524717128800e-03
1.185622803534523e-03
1.157415652892751e-03
1.120124459601688e-03
1.109551316498351e-03
1.047566427657676e-03
1.113028481136304e-03
1.546618728081027e-03
1.766505219115911e-03
1.733127821389770e-03
1.769371602305264e-03
1.771463378616780e-03
1.785950259396879e-03
1.791879510446302e-03
1.799633522686679e-03
1.804319707773726e-03
1.808692261538680e-03
1.811542474138732e-03
1.813762751450794e-03
1.815089564989710e-03
1.815926140626228e-03
1.816268049900655e-03
1.816392173159605e-03
6.126145065329783e-01
6.127706866776326e-01
6.154704932534610e-01
6.193213539962474e-01
6.254703412876232e-01
6.334051890952190e-01
6.435317734029824e-01
6.556689648691418e-01
6.699308326559158e-01
6.862582094137124e-01
7.046290878927988e-01
7.250241058704593e-01
7.473317583806123e-01
7.715413009924434e-01
7.974539986839667e-01
8.250643370173052e-01
8.540681257280850e-01
8.844863719202610e-01
9.158774864987602e-01
9.483399460210900e-01
9.812455533101720e-01
1.014859568106154e+00
1.048287941677620e+00
1.082102810867647e+00
1.115012376594106e+00
1.148100244197011e+00
1.179507070037800e+00
1.210888874229168e+00
1.240448649484543e+00
1.267676570520036e+00
1.299476121128541e+00
1.309649626974575e+00
1.371801265302018e+00
1.294776910229250e+00
8.650497678398549e-01
7.086778885731501e-01
7.267285357725215e-01
7.000803013539576e-01
6.959075478309483e-01
6.842623869832374e-01
6.784395875707875e-01
6.718555853243090e-01
6.675324809386003e-01
6.637368308730468e-01
6.611537884131871e-01
6.592255069075735e-01
6.580313952055090e-01
6.573263526027534e-01
6.570128336268841e-01
6.569355184953060e-01
