5.000000000000000e-03
1.500000000000000e-02
2.500000000000000e-02
3.500000000000000e-02
4.500000000000000e-02
5.500000000000000e-02
6.500000000000000e-02
7.500000000000001e-02
8.500000000000001e-02
9.500000000000000e-02
1.050000000000000e-01
1.150000000000000e-01
1.250000000000000e-01
1.350000000000000e-01
1.450000000000000e-01
1.550000000000000e-01
1.650000000000000e-01
1.750000000000000e-01
1.850000000000000e-01
1.950000000000000e-01
2.050000000000000e-01
2.150000000000000e-01
2.250000000000000e-01
2.350000000000000e-01
2.450000000000000e-01
2.550000000000000e-01
2.650000000000000e-01
2.750000000000000e-01
2.850000000000000e-01
2.950000000000000e-01
3.050000000000000e-01
3.150000000000000e-01
3.250000000000000e-01
3.350000000000000e-01
3.450000000000000e-01
3.550000000000000e-01
3.650000000000000e-01
3.750000000000000e-01
3.850000000000000e-01
3.950000000000000e-01
4.050000000000000e-01
4.150000000000000e-01
4.250000000000000e-01
4.350000000000000e-01
4.450000000000000e-01
4.550000000000000e-01
4.650000000000000e-01
4.750000000000000e-01
4.850000000000000e-01
4.950000000000000e-01
5.050000000000000e-01
5.150000000000000e-01
5.250000000000000e-01
5.350000000000000e-01
5.450000000000000e-01
5.550000000000000e-01
5.650000000000001e-01
5.750000000000001e-01
5.850000000000000e-01
5.950000000000000e-01
6.050000000000000e-01
6.150000000000000e-01
6.250000000000000e-01
6.350000000000000e-01
6.450000000000000e-01
6.550000000000000e-01
6.650000000000000e-01
6.750000000000000e-01
6.850000000000001e-01
6.950000000000001e-01
7.050000000000001e-01
7.150000000000000e-01
7.250000000000000e-01
7.350000000000000e-01
7.450000000000000e-01
7.550000000000000e-01
7.650000000000000e-01
7.750000000000000e-01
7.850000000000000e-01
7.950000000000000e-01
8.050000000000000e-01
8.150000000000001e-01
8.250000000000001e-01
8.350000000000001e-01
8.450000000000000e-01
8.550000000000000e-01
8.650000000000000e-01
8.750000000000000e-01
8.850000000000000e-01
8.950000000000000e-01
9.050000000000000e-01
9.150000000000000e-01
9.250000000000000e-01
9.350000000000001e-01
9.450000000000001e-01
9.550000000000001e-01
9.650000000000000e-01
9.750000000000000e-01
9.850000000000000e-01
9.950000000000000e-01
1.000000000000000e+00
9.999265167500812e-01
9.996146005803247e-01
9.989889327519237e-01
9.980045790357785e-01
9.966328556650706e-01
9.948566882391754e-01
9.926682239848170e-01
9.900673216110545e-01
9.870604611816749e-01
9.836598818171506e-01
9.798828545506323e-01
9.757510414370961e-01
9.712899135104178e-01
9.665282116213173e-01
9.614974406534670e-01
9.562313914377135e-01
9.507656870208792e-01
9.451373514054551e-01
9.393843997983704e-01
9.335454499875735e-01
9.276593548230717e-01
9.217648559883979e-01
9.159002593567832e-01
9.101031322650888e-01
9.044100230290356e-01
8.988562029802382e-01
8.934754312394011e-01
8.882997423582992e-01
8.833592568713551e-01
8.786820146998641e-01
8.742938312513213e-01
8.702181759552673e-01
8.664760728774376e-01
8.630860229572405e-01
8.600639473208049e-01
8.574231510339542e-01
8.551743065771515e-01
8.533254562482727e-01
8.518820326293954e-01
8.508468961909590e-01
8.502203890508423e-01
8.500004038572592e-01
8.501824667229465e-01
8.507598331039008e-01
8.517235954888680e-01
8.530628017457895e-01
8.547645829583219e-01
8.568142895791835e-01
8.591956347272376e-01
8.618908434616431e-01
8.648808068788227e-01
8.681452398961234e-01
8.716628416095645e-01
8.754114571416536e-01
8.793682399285488e-01
8.835098134335306e-01
8.878124313154180e-01
8.922521351258839e-01
8.968049086582084e-01
9.014468281214737e-01
9.061542073681950e-01
9.109037374595013e-01
9.156726199098789e-01
9.204386930127935e-01
9.251805507088555e-01
9.298776535192514e-01
9.345104311285705e-01
9.390603762626086e-01
9.435101295678919e-01
9.478435552602398e-01
9.520458073693929e-01
9.561033864652848e-01
9.600041868086848e-01
9.637375339244455e-01
9.672942126492147e-01
9.706664857570235e-01
9.738481033154476e-01
9.768343029718756e-01
9.796218014136725e-01
9.822087772875386e-01
9.845948459020415e-01
9.867810260730188e-01
9.887696995042512e-01
9.905645631254072e-01
9.921705748357282e-01
9.935938931252217e-01
9.948418110652403e-01
9.959226851772636e-01
9.968458597024680e-01
9.976215868053084e-01
9.982609432518956e-01
9.987757441084759e-01
9.991784540069045e-01
9.994820965227043e-01
9.997001622072365e-01
9.998465158087773e-01
9.999353032079933e-01
9.999808585815957e-01
9.999976122939208e-01
1.000000000000000e+00
