7.783321424188379e-01
7.783964900370941e-01
7.782603902679949e-01
7.779303865443904e-01
7.773715956768069e-01
7.765586975211253e-01
7.754722219779727e-01
7.740966802679881e-01
7.724194478908145e-01
7.704300367228570e-01
7.681196002088635e-01
7.654805925412635e-01
7.625065367563091e-01
7.591918736956805e-01
7.555318731124686e-01
7.515225936798582e-01
7.471608820403152e-01
7.424444031814076e-01
7.373716958058815e-01
7.319422472442713e-01
7.261565830016431e-01
7.200163663444034e-01
7.135245034960472e-01
7.066852500821911e-01
6.995043144945372e-01
6.919889538729482e-01
6.841480584713745e-01
6.759922203085361e-01
6.675337822333250e-01
6.587868638753357e-01
6.497673614097926e-01
6.404929186360485e-01
6.309828675206158e-01
6.212581370222165e-01
6.113411295519191e-01
6.012555644852942e-01
5.910262868324456e-01
5.806790336977187e-01
5.702401312609490e-01
5.597360134003648e-01
5.491920071072125e-01
5.386255571142660e-01
5.179643641145215e-01
5.076953820444768e-01
4.975336407687947e-01
4.874862385431470e-01
4.775721034106790e-01
4.678109393658469e-01
4.582216128978417e-01
4.488216909732154e-01
4.396272508683290e-01
4.306527886257169e-01
4.219111783513890e-01
4.134136651974871e-01
4.051698839670470e-01
3.971878983512417e-01
3.894742569650754e-01
3.820340628515810e-01
3.748710534128778e-01
3.679876879579068e-01
3.613852402878188e-01
3.550638939875151e-01
3.490228383555351e-01
3.432603631780679e-01
3.377739508281045e-01
3.325603644395859e-01
3.276157311622372e-01
3.229356197402629e-01
5.475132650424326e-01
6.657391737237202e-01
6.709898356015942e-01
6.757347695111833e-01
6.801419082551747e-01
6.842306190119321e-01
6.880181284791831e-01
6.915201089898202e-01
6.947509895481727e-01
6.977241960547038e-01
7.004523406666967e-01
7.029473740380154e-01
7.052207101249423e-01
7.072833304522134e-01
7.091458727739486e-01
7.108187076648642e-01
7.123120055603213e-01
7.136357960119414e-01
7.148000203598732e-01
7.158145785897759e-01
7.166893708056116e-01
7.174343334834591e-01
7.180594704598285e-01
7.185748784394955e-01
7.189907666757933e-01
7.193174703772423e-01
7.195654573271856e-01
7.197453271686440e-01
7.198678028068660e-01
7.199437134200375e-01
7.199839686477389e-01
7.200000000000386e-01
1.941807606188171e-03
1.941922237101537e-03
1.941679556105301e-03
1.941091063481268e-03
1.940094318541527e-03
1.938643774581174e-03
1.936704140172334e-03
1.934247031544402e-03
1.931248967562958e-03
1.927690060150027e-03
1.923553121291755e-03
1.918823045160488e-03
1.913486384767548e-03
1.907531073098925e-03
1.900946255492736e-03
1.893722209939180e-03
1.885850338143996e-03
1.877323214145233e-03
1.868134679837955e-03
1.858279978415100e-03
1.847755917763716e-03
1.836561056453308e-03
1.824695905250502e-03
1.812163137193059e-03
1.798967799239217e-03
1.785117518446217e-03
1.770622695587163e-03
1.755496679143167e-03
1.739755912754512e-03
1.723420049516245e-03
1.706512026980266e-03
1.689058097375180e-03
1.671087808336285e-03
1.652633930240242e-03
1.633732326798718e-03
1.614421765232956e-03
1.594743659357544e-03
1.574741727721960e-03
1.554461509178842e-03
1.533949515716216e-03
1.513250914487061e-03
1.492395080289878e-03
1.451277340391975e-03
1.430664368773767e-03
1.410147244147610e-03
1.389741200282730e-03
1.369486078006751e-03
1.349424276618686e-03
1.329597481988507e-03
1.310045672799968e-03
1.290806656318528e-03
1.271915791403249e-03
1.253405806276294e-03
1.235306679504737e-03
1.217645570627713e-03
1.200446792782053e-03
1.183731821722536e-03
1.167519336338949e-03
1.151825286026523e-03
1.136662980402021e-03
1.122043197001419e-03
1.107974302791364e-03
1.094462385583478e-03
1.081511391751470e-03
1.069123267002466e-03
1.057298097331005e-03
1.046034247672595e-03
1.035328496160682e-03
1.493459966710492e-03
1.716889129124380e-03
1.726539882079291e-03
1.735242538517824e-03
1.743310291872885e-03
1.750782067090966e-03
1.757692340140262e-03
1.764072295088878e-03
1.769950459330467e-03
1.775353196660916e-03
1.780305097814049e-03
1.784829295796361e-03
1.788947725327957e-03
1.792681340169884e-03
1.796050298243368e-03
1.799074121681232e-03
1.801771836943446e-03
1.804162098644360e-03
1.806263299622285e-03
1.808093668926592e-03
1.809671358730907e-03
1.811014520653665e-03
1.812141371545721e-03
1.813070248467032e-03
1.813819652307029e-03
1.814408279299086e-03
1.814855039536172e-03
1.815179061513781e-03
1.815399681711421e-03
1.815536418281106e-03
1.815608928047115e-03
1.815637804167440e-03
6.092050538159408e-01
6.092569053362560e-01
6.096340797961458e-01
6.103474224835572e-01
6.114448775341236e-01
6.129608949340239e-01
6.149212505897068e-01
6.173455945701626e-01
6.202490327719643e-01
6.236431943441800e-01
6.275369862207363e-01
6.319371396648440e-01
6.368486099372447e-01
6.422748677729595e-01
6.482181087585454e-01
6.546793991022842e-01
6.616587714364580e-01
6.691552810527861e-01
6.771670307388604e-01
6.856911708051401e-01
6.947238797567706e-01
7.042603302370195e-01
7.142946442593194e-01
7.248198412896977e-01
7.358277823951634e-01
7.473091134021099e-01
7.592532097859227e-01
7.716481258188498e-01
7.844805503233871e-01
7.977357712042416e-01
8.113976507621533e-01
8.254486136380184e-01
8.398696491283731e-01
8.546403296338907e-01
8.697388473452318e-01
8.851420724347991e-01
9.008256394119647e-01
9.167640783723554e-01
9.329310412247882e-01
9.492998063270504e-01
9.658449696493635e-01
9.825526491539044e-01
1.015967634295082e+00
1.032855818868011e+00
1.049723764665866e+00
1.066566684217607e+00
1.083358911588870e+00
1.100071765153367e+00
1.116676113439350e+00
1.133143105840707e+00
1.149444495709789e+00
1.165552835287210e+00
1.181441617425080e+00
1.197085388701076e+00
1.212459843306096e+00
1.227541901820376e+00
1.242309777003694e+00
1.256743027941584e+00
1.270822603582522e+00
1.284530876588444e+00
1.297851668385562e+00
1.310770266292492e+00
1.323273433595450e+00
1.335349413425867e+00
1.346987927270522e+00
1.358180168907715e+00
1.368918794516157e+00
1.379197909647571e+00
9.055102214676939e-01
7.407527315526096e-01
7.324380443551723e-01
7.248782767542852e-01
7.178584374688622e-01
7.113476660911542e-01
7.053185978160282e-01
6.997464345297657e-01
6.946084019712232e-01
6.898833301105111e-01
6.855513230189199e-01
6.815934948238410e-01
6.779917551504036e-01
6.747286321421284e-01
6.717871244467368e-01
6.691505759083852e-01
6.668025684213679e-01
6.647268296691625e-01
6.629071534284806e-01
6.613273308502785e-01
6.599710916998177e-01
6.588220549879876e-01
6.578636887848294e-01
6.570792792926355e-01
6.564519094821427e-01
6.559644477678708e-01
6.555995473204277e-01
6.553396566840534e-01
6.551670423844478e-01
6.550638241708688e-01
6.550120234333622e-01
6.549940357996886e-01
