7.783321424188375e-01
7.783964900370941e-01
7.782603902679949e-01
7.779303865443904e-01
7.773715956768065e-01
7.765586975211257e-01
7.754722219779731e-01
7.740966802679886e-01
7.724194478908140e-01
7.704300367228580e-01
7.681196002088626e-01
7.654805925412649e-01
7.625065367563082e-01
7.591918736956815e-01
7.555318731124684e-01
7.515225936798595e-01
7.471608820403145e-01
7.424444031814093e-01
7.373716958058804e-01
7.319422472442715e-01
7.261565830016428e-01
7.200163663444038e-01
7.135245034960479e-01
7.066852500821915e-01
6.995043144945369e-01
6.919889538729491e-01
6.841480584713743e-01
6.759922203085372e-01
6.675337822333243e-01
6.587868638753368e-01
6.497673614097919e-01
6.404929186360486e-01
6.309828675206151e-01
6.212581370222162e-01
6.113411295519194e-01
6.012555644852943e-01
5.910262868324451e-01
5.806790336977189e-01
5.702401312609487e-01
5.597360134003647e-01
5.491920071072128e-01
5.386255571142666e-01
5.179643641145220e-01
5.076953820444765e-01
4.975336407687945e-01
4.874862385431465e-01
4.775721034106793e-01
4.678109393658471e-01
4.582216128978424e-01
4.488216909732157e-01
4.396272508683287e-01
4.306527886257172e-01
4.219111783513890e-01
4.134136651974875e-01
4.051698839670484e-01
3.971878983512417e-01
3.894742569650761e-01
3.820340628515815e-01
3.748710534128787e-01
3.679876879579069e-01
3.613852402878193e-01
3.550638939875157e-01
3.490228383555352e-01
3.432603631780689e-01
3.377739508281055e-01
3.325603644395867e-01
3.276157311622379e-01
3.229356197402635e-01
5.475132695932211e-01
6.657391737209594e-01
6.709898355937202e-01
6.757347695040907e-01
6.801419082487864e-01
6.842306190061734e-01
6.880181284739901e-01
6.915201089851383e-01
6.947509895439521e-01
6.977241960509020e-01
7.004523406632756e-01
7.029473740349400e-01
7.052207101221815e-01
7.072833304497418e-01
7.091458727717370e-01
7.108187076628931e-01
7.123120055585680e-01
7.136357960103862e-01
7.148000203585021e-01
7.158145785885668e-01
7.166893708045551e-01
7.174343334825375e-01
7.180594704590330e-01
7.185748784388133e-01
7.189907666752181e-01
7.193174703767642e-01
7.195654573268004e-01
7.197453271683399e-01
7.198678028066456e-01
7.199437134198793e-01
7.199839686476606e-01
7.200000000000170e-01
1.941807606188170e-03
1.941922237101537e-03
1.941679556105301e-03
1.941091063481268e-03
1.940094318541527e-03
1.938643774581175e-03
1.936704140172335e-03
1.934247031544404e-03
1.931248967562957e-03
1.927690060150030e-03
1.923553121291753e-03
1.918823045160490e-03
1.913486384767547e-03
1.907531073098927e-03
1.900946255492736e-03
1.893722209939182e-03
1.885850338143995e-03
1.877323214145236e-03
1.868134679837953e-03
1.858279978415102e-03
1.847755917763715e-03
1.836561056453310e-03
1.824695905250504e-03
1.812163137193060e-03
1.798967799239217e-03
1.785117518446218e-03
1.770622695587164e-03
1.755496679143169e-03
1.739755912754512e-03
1.723420049516247e-03
1.706512026980264e-03
1.689058097375180e-03
1.671087808336283e-03
1.652633930240241e-03
1.633732326798718e-03
1.614421765232957e-03
1.594743659357543e-03
1.574741727721960e-03
1.554461509178842e-03
1.533949515716216e-03
1.513250914487061e-03
1.492395080289879e-03
1.451277340391976e-03
1.430664368773767e-03
1.410147244147610e-03
1.389741200282730e-03
1.369486078006753e-03
1.349424276618687e-03
1.329597481988508e-03
1.310045672799968e-03
1.290806656318528e-03
1.271915791403249e-03
1.253405806276295e-03
1.235306679504738e-03
1.217645570627716e-03
1.200446792782054e-03
1.183731821722537e-03
1.167519336338950e-03
1.151825286026525e-03
1.136662980402021e-03
1.122043197001420e-03
1.107974302791365e-03
1.094462385583479e-03
1.081511391751471e-03
1.069123267002468e-03
1.057298097331007e-03
1.046034247672597e-03
1.035328496160684e-03
1.493459975552869e-03
1.716889129140324e-03
1.726539882086078e-03
1.735242538526294e-03
1.743310291882882e-03
1.750782067102344e-03
1.757692340152893e-03
1.764072295102651e-03
1.769950459345286e-03
1.775353196676694e-03
1.780305097830710e-03
1.784829295813838e-03
1.788947725346186e-03
1.792681340188814e-03
1.796050298262943e-03
1.799074121701410e-03
1.801771836964183e-03
1.804162098665618e-03
1.806263299644036e-03
1.808093668948791e-03
1.809671358753535e-03
1.811014520676688e-03
1.812141371569121e-03
1.813070248490783e-03
1.813819652331119e-03
1.814408279323495e-03
1.814855039560891e-03
1.815179061538788e-03
1.815399681736720e-03
1.815536418306657e-03
1.815608928072951e-03
1.815637804193436e-03
6.092050538159413e-01
6.092569053362563e-01
6.096340797961459e-01
6.103474224835577e-01
6.114448775341239e-01
6.129608949340234e-01
6.149212505897069e-01
6.173455945701626e-01
6.202490327719635e-01
6.236431943441808e-01
6.275369862207355e-01
6.319371396648450e-01
6.368486099372438e-01
6.422748677729605e-01
6.482181087585442e-01
6.546793991022847e-01
6.616587714364557e-01
6.691552810527864e-01
6.771670307388599e-01
6.856911708051413e-01
6.947238797567695e-01
7.042603302370198e-01
7.142946442593185e-01
7.248198412896972e-01
7.358277823951636e-01
7.473091134021110e-01
7.592532097859215e-01
7.716481258188504e-01
7.844805503233869e-01
7.977357712042419e-01
8.113976507621536e-01
8.254486136380184e-01
8.398696491283745e-01
8.546403296338921e-01
8.697388473452323e-01
8.851420724347987e-01
9.008256394119660e-01
9.167640783723545e-01
9.329310412247886e-01
9.492998063270506e-01
9.658449696493642e-01
9.825526491539037e-01
1.015967634295082e+00
1.032855818868011e+00
1.049723764665866e+00
1.066566684217609e+00
1.083358911588871e+00
1.100071765153367e+00
1.116676113439351e+00
1.133143105840707e+00
1.149444495709790e+00
1.165552835287210e+00
1.181441617425080e+00
1.197085388701075e+00
1.212459843306094e+00
1.227541901820376e+00
1.242309777003693e+00
1.256743027941583e+00
1.270822603582520e+00
1.284530876588442e+00
1.297851668385562e+00
1.310770266292492e+00
1.323273433595449e+00
1.335349413425865e+00
1.346987927270519e+00
1.358180168907713e+00
1.368918794516157e+00
1.379197909647569e+00
9.055102144513505e-01
7.407527315706073e-01
7.324380443793752e-01
7.248782767774617e-01
7.178584374911317e-01
7.113476661126256e-01
7.053185978367938e-01
6.997464345499049e-01
6.946084019908060e-01
6.898833301295979e-01
6.855513230375654e-01
6.815934948420928e-01
6.779917551683020e-01
6.747286321597138e-01
6.717871244640408e-01
6.691505759254400e-01
6.668025684382012e-01
6.647268296857989e-01
6.629071534449453e-01
6.613273308665890e-01
6.599710917159973e-01
6.588220550040498e-01
6.578636888007923e-01
6.570792793085106e-01
6.564519094979424e-01
6.559644477836034e-01
6.555995473361047e-01
6.553396566996785e-01
6.551670424000374e-01
6.550638241864170e-01
6.550120234488961e-01
6.549940358151557e-01
