7.783128293467952e-01
7.783771844091164e-01
7.782411163715269e-01
7.779112011572606e-01
7.773525862421752e-01
7.765399726411777e-01
7.754539063710756e-01
7.740789107172398e-01
7.724023700272038e-01
7.704138025051558e-01
7.681043659762641e-01
7.654665175300306e-01
7.624937819880651e-01
7.591806011614247e-01
7.555222451922642e-01
7.515147727530681e-01
7.471550302552886e-01
7.424406823670029e-01
7.373702675204978e-01
7.319432729719311e-01
7.261602245198624e-01
7.200227863064105e-01
7.135338662918999e-01
7.066977230720256e-01
6.995200697461798e-01
6.920081705912592e-01
6.841709263871948e-01
6.760189444164695e-01
6.675645894560026e-01
6.588220125335768e-01
6.498071548775307e-01
6.405377254158199e-01
6.310331515069795e-01
6.213145045890937e-01
6.114044057775340e-01
6.013269228323499e-01
5.911074841168171e-01
5.807728719987647e-01
5.703514706965096e-01
5.598743624093673e-01
5.493798968095475e-01
5.389475352316817e-01
5.178521921787086e-01
5.076626879334242e-01
4.975290664203971e-01
4.874962289830608e-01
4.775910713291155e-01
4.678360091755593e-01
4.582510858922678e-01
4.488544636025134e-01
4.396625547499048e-01
4.306900601575124e-01
4.219499874550792e-01
4.134536736655803e-01
4.052108197394562e-01
3.972295388718073e-01
3.895164179641285e-01
3.820765905023353e-01
3.749138186587220e-01
3.680305822796787e-01
3.614281724532926e-01
3.551067874887650e-01
3.490656293404749e-01
3.433029987347854e-01
3.378163862151911e-01
3.326023931590738e-01
3.276327292128798e-01
3.232302449126155e-01
5.486618210895615e-01
6.667183667536667e-01
6.710049430175171e-01
6.757514672113352e-01
6.801560212846042e-01
6.842425473040076e-01
6.880281827260448e-01
6.915285520876249e-01
6.947580462704511e-01
6.977300603001859e-01
7.004571808968129e-01
7.029513374171525e-01
7.052239257161727e-01
7.072859117158705e-01
7.091479195456651e-01
7.108203077414085e-01
7.123132359881210e-01
7.136367241497483e-01
7.148007047703945e-01
7.158150698031931e-01
7.166897119892368e-01
7.174345610453970e-01
7.180596146096869e-01
7.185749637253780e-01
7.189908125136724e-01
7.193174915859933e-01
7.195654646799070e-01
7.197453279680925e-01
7.198678014899061e-01
7.199437121927433e-01
7.199839681482719e-01
7.200000000000931e-01
1.941773189736187e-03
1.941887850228054e-03
1.941645274811577e-03
1.941057039096046e-03
1.940060768899585e-03
1.938610964027479e-03
1.936672368044086e-03
1.934216622846156e-03
1.931220265478970e-03
1.927663420082174e-03
1.923528906144687e-03
1.918801621631235e-03
1.913468120434338e-03
1.907516334141515e-03
1.900935404912690e-03
1.893715606182686e-03
1.885848334062018e-03
1.877326156256683e-03
1.868142907891914e-03
1.858293825279317e-03
1.847775709700104e-03
1.836587113879422e-03
1.824728544131935e-03
1.812202671270213e-03
1.799014543370065e-03
1.785171793455832e-03
1.770684835173350e-03
1.755567039625970e-03
1.739834886828080e-03
1.723508085756380e-03
1.706609657847942e-03
1.689165980153269e-03
1.671206786474215e-03
1.652765128275970e-03
1.633877303302937e-03
1.614582772059323e-03
1.594924110106536e-03
1.574947116831363e-03
1.554701423805898e-03
1.534242772591154e-03
1.513642424022641e-03
1.493141869863971e-03
1.451071475893661e-03
1.430616391314339e-03
1.410154818521850e-03
1.389777300139356e-03
1.369539553628807e-03
1.349489385192830e-03
1.329670830156077e-03
1.310125057660113e-03
1.290890547216152e-03
1.272003069813313e-03
1.253495623430023e-03
1.235398372962686e-03
1.217738612576612e-03
1.200540756424277e-03
1.183826358489985e-03
1.167614159851342e-03
1.151920160403739e-03
1.136757711478490e-03
1.122137625533023e-03
1.108068299069447e-03
1.094555845069892e-03
1.081604231454375e-03
1.069215420101499e-03
1.057389224032961e-03
1.046088838934740e-03
1.046153453436794e-03
1.498831141236286e-03
1.718706520589693e-03
1.726583012645207e-03
1.735287585418158e-03
1.743349718155949e-03
1.750816712169230e-03
1.757722865951485e-03
1.764099264790240e-03
1.769974357043222e-03
1.775374442241387e-03
1.780324057932890e-03
1.784846292371522e-03
1.788963042031071e-03
1.792695227511482e-03
1.796062977598252e-03
1.799085788516909e-03
1.801782663446358e-03
1.804172235890796e-03
1.806272879406946e-03
1.808102805337452e-03
1.809680149541257e-03
1.811023048589176e-03
1.812149705474352e-03
1.813078444551729e-03
1.813827755154525e-03
1.814416323132098e-03
1.814863049410511e-03
1.815187054595786e-03
1.815407668624670e-03
1.815544404524146e-03
1.815616915474495e-03
1.815645792621627e-03
6.092363064317990e-01
6.092881673002665e-01
6.096653595180747e-01
6.103787053565279e-01
6.114761252112794e-01
6.129920524959894e-01
6.149522494872225e-01
6.173763548063839e-01
6.202794644279949e-01
6.236731985486249e-01
6.275664556569595e-01
6.319659586982471e-01
6.368766544315811e-01
6.423020046510325e-01
6.482441953494937e-01
6.547042823052350e-01
6.616822867184728e-01
6.691772512871602e-01
6.771872648773537e-01
6.857094623634361e-01
6.947400050751565e-01
7.042740464559281e-01
7.143056869193726e-01
7.248279214241551e-01
7.358325829232315e-01
7.473102845448414e-01
7.592503630973139e-01
7.716408262279011e-01
7.844683052755416e-01
7.977180154972741e-01
8.113737248547107e-01
8.254177318080265e-01
8.398308513561831e-01
8.545924064002756e-01
8.696802172639546e-01
8.850705730369124e-01
9.007381464450985e-01
9.166557548161719e-01
9.327936860596144e-01
9.491176199032930e-01
9.655808628543248e-01
9.821288771258095e-01
1.016180215000493e+00
1.032937392762525e+00
1.049757278521755e+00
1.066573918958815e+00
1.083348769216423e+00
1.100048777464452e+00
1.116642927590751e+00
1.133101426549341e+00
1.149395506166561e+00
1.165497407887661e+00
1.181380428470208e+00
1.197018984924475e+00
1.212388682414808e+00
1.227466378183238e+00
1.242230238443682e+00
1.256659786991923e+00
1.270735945187565e+00
1.284441063462209e+00
1.297758944794483e+00
1.310674860760232e+00
1.323175560860803e+00
1.335249275912308e+00
1.346885720309731e+00
1.358076610395837e+00
1.368888667660537e+00
1.388658204074833e+00
9.056347840565313e-01
7.395706065785413e-01
7.324432091552801e-01
7.248809971097726e-01
7.178638211747732e-01
7.113552411080544e-01
7.053280075214688e-01
6.997573851265032e-01
6.946206490397318e-01
6.898966685456551e-01
6.855655794699406e-01
6.816085219286190e-01
6.780074270783842e-01
6.747448411065652e-01
6.718037779448720e-01
6.691675945148512e-01
6.668198840062097e-01
6.647443839441710e-01
6.629248967484309e-01
6.613452212120440e-01
6.599890938942514e-01
6.588401398681381e-01
6.578818326205780e-01
6.570974631867934e-01
6.564701188269872e-01
6.559826717244384e-01
6.556177783058346e-01
6.553578898550646e-01
6.551852751085198e-01
6.550820554791514e-01
6.550302534529407e-01
6.550122652007999e-01
