7.783321424188433e-01
7.783964900370994e-01
7.782603902679999e-01
7.779303865443954e-01
7.773715956768120e-01
7.765586975211304e-01
7.754722219779774e-01
7.740966802679928e-01
7.724194478908188e-01
7.704300367228611e-01
7.681196002088672e-01
7.654805925412675e-01
7.625065367563125e-01
7.591918736956843e-01
7.555318731124725e-01
7.515225936798620e-01
7.471608820403195e-01
7.424444031814119e-01
7.373716958058850e-01
7.319422472442748e-01
7.261565830016474e-01
7.200163663444076e-01
7.135245034960513e-01
7.066852500821954e-01
6.995043144945414e-01
6.919889538729526e-01
6.841480584713793e-01
6.759922203085406e-01
6.675337822333302e-01
6.587868638753414e-01
6.497673614097982e-01
6.404929186360543e-01
6.309828675206218e-01
6.212581370222232e-01
6.113411295519265e-01
6.012555644853032e-01
5.910262868324548e-01
5.806790336977299e-01
5.702401312609610e-01
5.597360134003756e-01
5.491920071072259e-01
5.386255571142782e-01
5.179643641145351e-01
5.076953820444873e-01
4.975336407688025e-01
4.874862385431565e-01
4.775721034106879e-01
4.678109393658565e-01
4.582216128978511e-01
4.488216909732243e-01
4.396272508683367e-01
4.306527886257240e-01
4.219111783513959e-01
4.134136651974942e-01
4.051698839670533e-01
3.971878983512472e-01
3.894742569650820e-01
3.820340628515864e-01
3.748710534128833e-01
3.679876879579120e-01
3.613852402878238e-01
3.550638939875200e-01
3.490228383555389e-01
3.432603631780720e-01
3.377739508281081e-01
3.325603644395900e-01
3.276157311622411e-01
3.229356197402665e-01
5.475132760622181e-01
6.657391737170850e-01
6.709898355825739e-01
6.757347694940544e-01
6.801419082397476e-01
6.842306189980276e-01
6.880181284666484e-01
6.915201089785203e-01
6.947509895379896e-01
6.977241960455332e-01
7.004523406584463e-01
7.029473740306016e-01
7.052207101182902e-01
7.072833304462555e-01
7.091458727686238e-01
7.108187076601171e-01
7.123120055561013e-01
7.136357960082025e-01
7.148000203565736e-01
7.158145785868766e-01
7.166893708030787e-01
7.174343334812607e-01
7.180594704579355e-01
7.185748784378825e-01
7.189907666744382e-01
7.193174703761241e-01
7.195654573262866e-01
7.197453271679488e-01
7.198678028063613e-01
7.199437134197133e-01
7.199839686475857e-01
7.200000000000290e-01
1.941807606188181e-03
1.941922237101547e-03
1.941679556105310e-03
1.941091063481277e-03
1.940094318541537e-03
1.938643774581184e-03
1.936704140172343e-03
1.934247031544411e-03
1.931248967562967e-03
1.927690060150036e-03
1.923553121291763e-03
1.918823045160497e-03
1.913486384767557e-03
1.907531073098934e-03
1.900946255492746e-03
1.893722209939190e-03
1.885850338144007e-03
1.877323214145243e-03
1.868134679837965e-03
1.858279978415110e-03
1.847755917763726e-03
1.836561056453318e-03
1.824695905250513e-03
1.812163137193069e-03
1.798967799239227e-03
1.785117518446227e-03
1.770622695587174e-03
1.755496679143178e-03
1.739755912754524e-03
1.723420049516257e-03
1.706512026980278e-03
1.689058097375193e-03
1.671087808336298e-03
1.652633930240256e-03
1.633732326798733e-03
1.614421765232976e-03
1.594743659357564e-03
1.574741727721984e-03
1.554461509178868e-03
1.533949515716240e-03
1.513250914487089e-03
1.492395080289905e-03
1.451277340392005e-03
1.430664368773793e-03
1.410147244147630e-03
1.389741200282754e-03
1.369486078006774e-03
1.349424276618709e-03
1.329597481988531e-03
1.310045672799990e-03
1.290806656318548e-03
1.271915791403268e-03
1.253405806276313e-03
1.235306679504756e-03
1.217645570627731e-03
1.200446792782069e-03
1.183731821722553e-03
1.167519336338964e-03
1.151825286026539e-03
1.136662980402035e-03
1.122043197001433e-03
1.107974302791377e-03
1.094462385583489e-03
1.081511391751482e-03
1.069123267002477e-03
1.057298097331016e-03
1.046034247672606e-03
1.035328496160693e-03
1.493459988122409e-03
1.716889129163082e-03
1.726539882095814e-03
1.735242538538419e-03
1.743310291897170e-03
1.750782067118590e-03
1.757692340170917e-03
1.764072295122298e-03
1.769950459366417e-03
1.775353196699187e-03
1.780305097854457e-03
1.784829295838741e-03
1.788947725372159e-03
1.792681340215773e-03
1.796050298290822e-03
1.799074121730142e-03
1.801771836993709e-03
1.804162098695886e-03
1.806263299674990e-03
1.808093668980398e-03
1.809671358785745e-03
1.811014520709473e-03
1.812141371602441e-03
1.813070248524614e-03
1.813819652365428e-03
1.814408279358261e-03
1.814855039596088e-03
1.815179061574407e-03
1.815399681772733e-03
1.815536418343084e-03
1.815608928109742e-03
1.815637804230359e-03
6.092050538159318e-01
6.092569053362470e-01
6.096340797961368e-01
6.103474224835483e-01
6.114448775341147e-01
6.129608949340144e-01
6.149212505896979e-01
6.173455945701533e-01
6.202490327719559e-01
6.236431943441714e-01
6.275369862207281e-01
6.319371396648354e-01
6.368486099372365e-01
6.422748677729511e-01
6.482181087585368e-01
6.546793991022748e-01
6.616587714364482e-01
6.691552810527768e-01
6.771670307388512e-01
6.856911708051310e-01
6.947238797567608e-01
7.042603302370096e-01
7.142946442593092e-01
7.248198412896870e-01
7.358277823951531e-01
7.473091134020996e-01
7.592532097859108e-01
7.716481258188375e-01
7.844805503233747e-01
7.977357712042279e-01
8.113976507621394e-01
8.254486136380030e-01
8.398696491283586e-01
8.546403296338752e-01
8.697388473452147e-01
8.851420724347793e-01
9.008256394119437e-01
9.167640783723311e-01
9.329310412247623e-01
9.492998063270265e-01
9.658449696493342e-01
9.825526491538776e-01
1.015967634295051e+00
1.032855818867984e+00
1.049723764665843e+00
1.066566684217582e+00
1.083358911588845e+00
1.100071765153340e+00
1.116676113439324e+00
1.133143105840680e+00
1.149444495709764e+00
1.165552835287186e+00
1.181441617425056e+00
1.197085388701052e+00
1.212459843306073e+00
1.227541901820355e+00
1.242309777003670e+00
1.256743027941561e+00
1.270822603582499e+00
1.284530876588420e+00
1.297851668385540e+00
1.310770266292471e+00
1.323273433595430e+00
1.335349413425847e+00
1.346987927270501e+00
1.358180168907693e+00
1.368918794516137e+00
1.379197909647550e+00
9.055102044775272e-01
7.407527315961171e-01
7.324380444137115e-01
7.248782768103431e-01
7.178584375227262e-01
7.113476661430871e-01
7.053185978662534e-01
6.997464345784776e-01
6.946084020185888e-01
6.898833301566784e-01
6.855513230640186e-01
6.815934948679863e-01
6.779917551936979e-01
6.747286321846642e-01
6.717871244885955e-01
6.691505759496414e-01
6.668025684620892e-01
6.647268297094094e-01
6.629071534683082e-01
6.613273308897364e-01
6.599710917389512e-01
6.588220550268368e-01
6.578636888234309e-01
6.570792793310235e-01
6.564519095203450e-01
6.559644478059138e-01
6.555995473583338e-01
6.553396567218425e-01
6.551670424221355e-01
6.550638242084688e-01
6.550120234708857e-01
6.549940358370344e-01
