7.783321424189272e-01
7.783964900371819e-01
7.782603902680789e-01
7.779303865444709e-01
7.773715956768843e-01
7.765586975212002e-01
7.754722219780450e-01
7.740966802680577e-01
7.724194478908815e-01
7.704300367229218e-01
7.681196002089262e-01
7.654805925413237e-01
7.625065367563673e-01
7.591918736957370e-01
7.555318731125232e-01
7.515225936799107e-01
7.471608820403665e-01
7.424444031814570e-01
7.373716958059294e-01
7.319422472443182e-01
7.261565830016897e-01
7.200163663444491e-01
7.135245034960925e-01
7.066852500822366e-01
6.995043144945809e-01
6.919889538729912e-01
6.841480584714167e-01
6.759922203085769e-01
6.675337822333643e-01
6.587868638753744e-01
6.497673614098286e-01
6.404929186360842e-01
6.309828675206521e-01
6.212581370222517e-01
6.113411295519532e-01
6.012555644853279e-01
5.910262868324779e-01
5.806790336977502e-01
5.702401312609775e-01
5.597360134003935e-01
5.491920071072368e-01
5.386255571142854e-01
5.179643641145353e-01
5.076953820444865e-01
4.975336407687926e-01
4.874862385431427e-01
4.775721034106749e-01
4.678109393658422e-01
4.582216128978375e-01
4.488216909732115e-01
4.396272508683239e-01
4.306527886257121e-01
4.219111783513858e-01
4.134136651974851e-01
4.051698839670453e-01
3.971878983512412e-01
3.894742569650765e-01
3.820340628515826e-01
3.748710534128803e-01
3.679876879579118e-01
3.613852402878239e-01
3.550638939875214e-01
3.490228383555425e-01
3.432603631780761e-01
3.377739508281127e-01
3.325603644395951e-01
3.276157311622473e-01
3.229356197402735e-01
5.475132650649778e-01
6.657391737239600e-01
6.709898356017987e-01
6.757347695113833e-01
6.801419082553726e-01
6.842306190121278e-01
6.880181284793779e-01
6.915201089900136e-01
6.947509895483648e-01
6.977241960548949e-01
7.004523406668874e-01
7.029473740382041e-01
7.052207101251279e-01
7.072833304523963e-01
7.091458727741283e-01
7.108187076650418e-01
7.123120055604967e-01
7.136357960121148e-01
7.148000203600450e-01
7.158145785899456e-01
7.166893708057803e-01
7.174343334836263e-01
7.180594704599942e-01
7.185748784396603e-01
7.189907666759585e-01
7.193174703774068e-01
7.195654573273496e-01
7.197453271688073e-01
7.198678028070280e-01
7.199437134201981e-01
7.199839686478982e-01
7.200000000001966e-01
1.941807606188330e-03
1.941922237101691e-03
1.941679556105447e-03
1.941091063481406e-03
1.940094318541658e-03
1.938643774581299e-03
1.936704140172452e-03
1.934247031544514e-03
1.931248967563063e-03
1.927690060150127e-03
1.923553121291849e-03
1.918823045160576e-03
1.913486384767631e-03
1.907531073099004e-03
1.900946255492810e-03
1.893722209939250e-03
1.885850338144061e-03
1.877323214145294e-03
1.868134679838014e-03
1.858279978415157e-03
1.847755917763770e-03
1.836561056453360e-03
1.824695905250553e-03
1.812163137193109e-03
1.798967799239263e-03
1.785117518446259e-03
1.770622695587203e-03
1.755496679143203e-03
1.739755912754545e-03
1.723420049516275e-03
1.706512026980292e-03
1.689058097375206e-03
1.671087808336313e-03
1.652633930240267e-03
1.633732326798742e-03
1.614421765232980e-03
1.594743659357566e-03
1.574741727721981e-03
1.554461509178857e-03
1.533949515716234e-03
1.513250914487070e-03
1.492395080289878e-03
1.451277340391966e-03
1.430664368773751e-03
1.410147244147571e-03
1.389741200282687e-03
1.369486078006711e-03
1.349424276618644e-03
1.329597481988467e-03
1.310045672799929e-03
1.290806656318489e-03
1.271915791403211e-03
1.253405806276261e-03
1.235306679504706e-03
1.217645570627685e-03
1.200446792782028e-03
1.183731821722514e-03
1.167519336338930e-03
1.151825286026507e-03
1.136662980402010e-03
1.122043197001410e-03
1.107974302791358e-03
1.094462385583476e-03
1.081511391751470e-03
1.069123267002467e-03
1.057298097331008e-03
1.046034247672602e-03
1.035328496160691e-03
1.493459966754266e-03
1.716889129124887e-03
1.726539882079736e-03
1.735242538518265e-03
1.743310291873326e-03
1.750782067091408e-03
1.757692340140707e-03
1.764072295089325e-03
1.769950459330916e-03
1.775353196661367e-03
1.780305097814499e-03
1.784829295796806e-03
1.788947725328396e-03
1.792681340170316e-03
1.796050298243794e-03
1.799074121681653e-03
1.801771836943862e-03
1.804162098644771e-03
1.806263299622693e-03
1.808093668926996e-03
1.809671358731308e-03
1.811014520654063e-03
1.812141371546115e-03
1.813070248467425e-03
1.813819652307422e-03
1.814408279299479e-03
1.814855039536563e-03
1.815179061514169e-03
1.815399681711805e-03
1.815536418281487e-03
1.815608928047493e-03
1.815637804167818e-03
6.092050538157959e-01
6.092569053361128e-01
6.096340797960058e-01
6.103474224834207e-01
6.114448775339900e-01
6.129608949338922e-01
6.149212505895776e-01
6.173455945700355e-01
6.202490327718397e-01
6.236431943440571e-01
6.275369862206148e-01
6.319371396647248e-01
6.368486099371267e-01
6.422748677728425e-01
6.482181087584296e-01
6.546793991021690e-01
6.616587714363434e-01
6.691552810526733e-01
6.771670307387477e-01
6.856911708050278e-01
6.947238797566581e-01
7.042603302369067e-01
7.142946442592057e-01
7.248198412895824e-01
7.358277823950493e-01
7.473091134019959e-01
7.592532097858077e-01
7.716481258187347e-01
7.844805503232730e-01
7.977357712041264e-01
8.113976507620402e-01
8.254486136379034e-01
8.398696491282571e-01
8.546403296337751e-01
8.697388473451156e-01
8.851420724346813e-01
9.008256394118470e-01
9.167640783722369e-01
9.329310412246730e-01
9.492998063269337e-01
9.658449696492515e-01
9.825526491537996e-01
1.015967634294984e+00
1.032855818867919e+00
1.049723764665794e+00
1.066566684217541e+00
1.083358911588804e+00
1.100071765153302e+00
1.116676113439285e+00
1.133143105840641e+00
1.149444495709727e+00
1.165552835287148e+00
1.181441617425014e+00
1.197085388701009e+00
1.212459843306029e+00
1.227541901820306e+00
1.242309777003621e+00
1.256743027941509e+00
1.270822603582446e+00
1.284530876588360e+00
1.297851668385479e+00
1.310770266292408e+00
1.323273433595362e+00
1.335349413425777e+00
1.346987927270431e+00
1.358180168907622e+00
1.368918794516063e+00
1.379197909647474e+00
9.055102214328677e-01
7.407527315523224e-01
7.324380443549314e-01
7.248782767540519e-01
7.178584374686345e-01
7.113476660909314e-01
7.053185978158091e-01
6.997464345295505e-01
6.946084019710109e-01
6.898833301103015e-01
6.855513230187127e-01
6.815934948236380e-01
6.779917551502053e-01
6.747286321419346e-01
6.717871244465473e-01
6.691505759081988e-01
6.668025684211856e-01
6.647268296689837e-01
6.629071534283052e-01
6.613273308501056e-01
6.599710916996471e-01
6.588220549878192e-01
6.578636887846628e-01
6.570792792924712e-01
6.564519094819791e-01
6.559644477677087e-01
6.555995473202669e-01
6.553396566838943e-01
6.551670423842904e-01
6.550638241707134e-01
6.550120234332087e-01
6.549940357995375e-01
