7.756543442148229e-01
7.757229013540189e-01
7.757323016106739e-01
7.756133592232983e-01
7.753133418048865e-01
7.747931850086863e-01
7.740237054816063e-01
7.729826765233195e-01
7.716528028758813e-01
7.700203550803608e-01
7.680742496677470e-01
7.658054269773110e-01
7.632064309145443e-01
7.602711297934669e-01
7.569945391146388e-01
7.533727204195994e-01
7.494027385279957e-01
7.450826645554891e-01
7.404116153510495e-01
7.353898221042017e-01
7.300187222904436e-01
7.243010701181379e-01
7.182410613943182e-01
7.118444693735296e-01
7.051187888027151e-01
6.980733861277129e-01
6.907196547867521e-01
6.830711757987434e-01
6.751438855951374e-01
6.669562554123408e-01
6.585294897731451e-01
6.498877559240542e-01
6.410584619378488e-01
6.320726090376374e-01
6.229652542025047e-01
6.137761330889702e-01
6.045505116675649e-01
5.953403585467106e-01
5.862059588788684e-01
5.772181231557706e-01
5.684611734094257e-01
5.600368982604724e-01
5.520696194486021e-01
5.447123326337815e-01
5.381534472734025e-01
5.326227675516718e-01
5.283937766703056e-01
5.169986666236284e-01
4.896739022325856e-01
4.738669159491180e-01
4.607353353163224e-01
4.489975335805766e-01
4.381789503864112e-01
4.280517476217105e-01
4.184904027834129e-01
4.094193313097042e-01
4.007899174512778e-01
3.925691203776994e-01
3.847333126161256e-01
3.772647317394683e-01
3.701493396027018e-01
3.633754857229827e-01
3.569330520348062e-01
3.508128966961526e-01
3.450064891661191e-01
3.416160458267604e-01
4.965274151540399e-01
5.435521902606497e-01
5.834818669316713e-01
6.141715606975651e-01
6.364504387637646e-01
6.522938650144163e-01
6.636662450095046e-01
6.720885697988712e-01
6.786026088672972e-01
6.838739842332504e-01
6.883109213114629e-01
6.921582898539108e-01
6.955620081699891e-01
6.986098797966726e-01
7.013562857274260e-01
7.038366434420528e-01
7.060756837812630e-01
7.080921147644808e-01
7.099012248920242e-01
7.115163329928631e-01
7.129496011916754e-01
7.142124992854728e-01
7.153160787960321e-01
7.162711424224265e-01
7.170883548124063e-01
7.177783190123663e-01
7.183516313904662e-01
7.188189216603491e-01
7.191908813520032e-01
7.194782823298391e-01
7.196919860219910e-01
7.198429432961299e-01
7.199421723750979e-01
7.200000000001370e-01
1.937033360585815e-03
1.937201182228757e-03
1.937286766889126e-03
1.937160119211063e-03
1.936721553745831e-03
1.935896810186377e-03
1.934629985288102e-03
1.932878035622830e-03
1.930606968521065e-03
1.927789277113640e-03
1.924402215672595e-03
1.920426634206965e-03
1.915846190985528e-03
1.910646828056951e-03
1.904816436265416e-03
1.898344661625856e-03
1.891222820505942e-03
1.883443900780951e-03
1.875002632320619e-03
1.865895614214488e-03
1.856121488871297e-03
1.845681155053793e-03
1.834578013375612e-03
1.822818239042780e-03
1.810411077876332e-03
1.797369163098639e-03
1.783708852207665e-03
1.769450585731319e-03
1.754619273028572e-03
1.739244714937919e-03
1.723362079426039e-03
1.707012455066395e-03
1.690243518985628e-03
1.673110371920772e-03
1.655676614607786e-03
1.638015768554588e-03
1.620213182174842e-03
1.602368611729604e-03
1.584599725254691e-03
1.567046841504140e-03
1.549879268441812e-03
1.533303606661248e-03
1.517574246409878e-03
1.503005849096573e-03
1.489986592351512e-03
1.478988998258579e-03
1.470571825471584e-03
1.447828863223585e-03
1.392724192519631e-03
1.360442364047334e-03
1.333388107877908e-03
1.309017084793038e-03
1.286391929259641e-03
1.265066816409718e-03
1.244799939418108e-03
1.225449159496950e-03
1.206926190315337e-03
1.189173824390667e-03
1.172153578801309e-03
1.155838548784853e-03
1.140209070454298e-03
1.125249992261309e-03
1.110948913077186e-03
1.097295024030141e-03
1.084278339390742e-03
1.076412632271872e-03
1.396673584161924e-03
1.486149223798802e-03
1.561624315230962e-03
1.619513425399203e-03
1.661491082548527e-03
1.691289602065825e-03
1.712615055115288e-03
1.728345714164536e-03
1.740458925870510e-03
1.750221042210827e-03
1.758410044734938e-03
1.765493140133790e-03
1.771748894524086e-03
1.777344881544813e-03
1.782384722409187e-03
1.786935673718669e-03
1.791044442342984e-03
1.794746110103373e-03
1.798069124162855e-03
1.801038082438324e-03
1.803675300035287e-03
1.806001707576011e-03
1.808037384171840e-03
1.809801889218063e-03
1.811314481076798e-03
1.812594269449212e-03
1.813660326077519e-03
1.814531766569679e-03
1.815227809710681e-03
1.815767816358647e-03
1.816171301751129e-03
1.816457867342630e-03
1.816646639741244e-03
1.816750864332291e-03
6.135325757417461e-01
6.135951725944011e-01
6.138452334778619e-01
6.143698642754822e-01
6.152337615439541e-01
6.164840447583504e-01
6.181551177580175e-01
6.202722667213056e-01
6.228541508582869e-01
6.259145095069689e-01
6.294633427345909e-01
6.335077388171733e-01
6.380524602116788e-01
6.431003595932222e-01
6.486526726073558e-01
6.547092185472905e-01
6.612685304553281e-01
6.683279298715163e-01
6.758835572481523e-01
6.839303661085139e-01
6.924620868634254e-01
7.014711645014099e-01
7.109486729287151e-01
7.208842073984327e-01
7.312657551009536e-01
7.420795424617803e-01
7.533098558649349e-01
7.649388302182853e-01
7.769461967798683e-01
7.893089776766395e-01
8.020011091687702e-01
8.149929683955306e-01
8.282507683344149e-01
8.417357720029863e-01
8.554032582040120e-01
8.692011456952727e-01
8.830681486712785e-01
8.969312922090100e-01
9.107025615930541e-01
9.242743981128122e-01
9.375137000346413e-01
9.502539768440298e-01
9.622854163535112e-01
9.733430126527295e-01
9.830938364926239e-01
9.911263973245475e-01
9.969483166635317e-01
1.014438211673936e+00
1.059833262510824e+00
1.086663584425128e+00
1.109316162164726e+00
1.129870387155617e+00
1.149091755596987e+00
1.167343192156549e+00
1.184819910546951e+00
1.201634673676709e+00
1.217855269270808e+00
1.233523186025059e+00
1.248663795046559e+00
1.263292288817682e+00
1.277417333299797e+00
1.291043410498961e+00
1.304172373282547e+00
1.316804506507828e+00
1.328939267857234e+00
1.334783954171387e+00
9.976229004963957e-01
9.165381432447730e-01
8.540470605160609e-01
8.091615950100224e-01
7.778239385962004e-01
7.558666519287025e-01
7.400532857827115e-01
7.281683545185119e-01
7.187970261055098e-01
7.110722753771759e-01
7.044752909908250e-01
6.986987272556402e-01
6.935597619993282e-01
6.889473284757403e-01
6.847910945678441e-01
6.810436447091015e-01
6.776704170869978e-01
6.746440847993362e-01
6.719414350647623e-01
6.695416322354200e-01
6.674252396625164e-01
6.655736557651577e-01
6.639687768178737e-01
6.625927855720080e-01
6.614280118819441e-01
6.604568368072162e-01
6.596616251706553e-01
6.590246787450693e-01
6.585282060743439e-01
6.581543069800854e-01
6.578849708513194e-01
6.577020879362901e-01
6.575874657551759e-01
6.575225516189768e-01
