4.055147094140744e-02
2.042092314700676e-02
1.105960116781926e-02
6.279169504119954e-03
3.797175985253932e-03
2.573348415206861e-03
2.047446848109640e-03
1.862346872425561e-03
1.804732038802670e-03
1.781745175194626e-03
1.764503939125441e-03
1.746605586745152e-03
1.727486412255935e-03
1.707637284980685e-03
1.687500677027093e-03
1.667342551433303e-03
1.647299433520677e-03
1.627437096840927e-03
1.607785630964571e-03
1.588358928386466e-03
1.569163720012780e-03
1.550203903740386e-03
1.531482311468588e-03
1.513001469680548e-03
1.494763850857603e-03
1.476771954058574e-03
1.459028304050722e-03
1.441535432847221e-03
1.424295854557251e-03
1.407312043274144e-03
1.390586413392006e-03
1.374121302961862e-03
1.357918958963979e-03
1.341981524106633e-03
1.326311024594621e-03
1.310909358628600e-03
1.295778285442124e-03
1.280919414809046e-03
1.266334196991922e-03
1.252023913162602e-03
1.237989666331248e-03
1.224232372842582e-03
1.210752754518116e-03
1.197551331501423e-03
1.184628415884712e-03
1.171984106190185e-03
1.159618282747581e-03
1.147530604046936e-03
1.135720504094610e-03
1.124187190822514e-03
1.112929645557911e-03
1.101946623596654e-03
1.091236655849929e-03
1.080798051585922e-03
1.070628902220139e-03
1.060727086145706e-03
1.051090274540318e-03
1.041715938110360e-03
1.032601354704432e-03
1.023743617724953e-03
1.015139645266838e-03
1.006786189889775e-03
9.986798489451112e-04
9.908170753645594e-04
9.831941888183812e-04
9.758073871545666e-04
9.686527580162166e-04
9.617262905746239e-04
9.550238872565032e-04
9.485413754245327e-04
9.422745188978800e-04
9.362190292816647e-04
9.303705770026894e-04
9.247248020250485e-04
9.192773241868937e-04
9.140237531118537e-04
9.089596976539180e-04
9.040807748732320e-04
8.993826184864815e-04
8.948608868018963e-04
8.905112701147703e-04
8.863294975647989e-04
8.823113434604976e-04
8.784526330545583e-04
8.747492478138019e-04
8.711971301648558e-04
8.677922877435853e-04
8.645307971681162e-04
8.614088073560105e-04
8.584225423954932e-04
8.555683040130344e-04
8.528424736437436e-04
8.502415141321477e-04
8.477619711066770e-04
8.454004740131113e-04
8.431537368787679e-04
8.410185587919803e-04
8.389918241396556e-04
8.370705026226089e-04
8.352516490696886e-04
8.335324030639658e-04
8.319099884156885e-04
8.303817124820068e-04
8.289449653723730e-04
8.275972190323860e-04
8.263360262419458e-04
8.251590195295371e-04
8.240639100193770e-04
8.230484862282077e-04
8.221106128094248e-04
8.212482292786791e-04
8.204593486965009e-04
8.197420563572077e-04
8.190945084494100e-04
8.185149307323283e-04
8.180016172098824e-04
8.175529288150775e-04
8.171672921173730e-04
8.168431980444215e-04
8.165792006335327e-04
8.163739158077922e-04
8.162260201860333e-04
8.161342499287827e-04
8.160973996146727e-04
8.161143211671603e-04
8.161839228047973e-04
8.163051680517661e-04
8.164770747815092e-04
8.166987143056383e-04
8.169692105115304e-04
8.172877390453681e-04
8.176535265459362e-04
8.180658499159130e-04
8.185240356600298e-04
8.190274592530722e-04
8.195755445717828e-04
8.201677633738598e-04
8.208036348219203e-04
8.214827250699804e-04
8.222046468945378e-04
8.229690593767143e-04
8.237756676507103e-04
8.246242226891719e-04
8.255145211581925e-04
8.264464053229529e-04
8.274197630082638e-04
8.284345276238343e-04
8.294906782432832e-04
8.305882397516637e-04
8.317272830442077e-04
8.329079253037047e-04
8.341303303369568e-04
8.353947089765182e-04
8.367013195632784e-04
8.380504684933452e-04
8.394425108501436e-04
8.408778511076293e-04
8.423569439218389e-04
8.438802950087067e-04
8.454484621125027e-04
8.470620560657417e-04
8.487217419555304e-04
8.504282403874023e-04
8.521823288688494e-04
8.539848432994557e-04
8.558366795927092e-04
8.577387954243439e-04
8.596922121202310e-04
8.616980166920722e-04
8.637573640278393e-04
8.658714792489249e-04
8.680416602485687e-04
8.702692804119442e-04
8.725557915494353e-04
8.749027270328631e-04
8.773117051806089e-04
8.797844328763749e-04
8.823227094663414e-04
8.849284309377914e-04
8.876035944133917e-04
8.903503029738926e-04
8.931707708477741e-04
8.960673289846122e-04
8.990424310569255e-04
9.020986599149522e-04
9.052387345385865e-04
9.084655175279837e-04
9.117820231832264e-04
9.151914262146550e-04
9.186970711568145e-04
9.223024825358702e-04
9.260113758699445e-04
9.298276695764349e-04
9.337554978749958e-04
9.377992247843084e-04
9.419634593183994e-04
9.462530720053325e-04
9.506732128644572e-04
9.552293309906611e-04
9.599271959195158e-04
9.647729209596532e-04
9.697729887144519e-04
9.749342790292486e-04
9.802640996417590e-04
9.857702198442257e-04
9.914609075172029e-04
9.973449699197310e-04
1.003431798709410e-03
1.009731419700952e-03
1.016254547962080e-03
1.023012648929244e-03
1.030018006322749e-03
1.037283797765061e-03
1.044824179141770e-03
1.052654378902145e-03
1.060790803697561e-03
1.069251156973480e-03
1.078054572392374e-03
1.087221764296600e-03
1.096775197773600e-03
1.106739281350685e-03
1.117140585855021e-03
1.128008093632603e-03
1.139373483058190e-03
1.151271454193147e-03
1.163740102528954e-03
1.176821349074376e-03
1.190561436625755e-03
1.205011503954676e-03
1.220228251939867e-03
1.236274718409232e-03
1.253221181755827e-03
1.271146217292606e-03
1.290137934957323e-03
1.310295432415665e-03
1.331730503852497e-03
1.354569651812031e-03
1.378956457084582e-03
1.405054369422029e-03
1.433049988870424e-03
1.463156911990541e-03
1.495620216324433e-03
1.530721645064089e-03
1.568785523919361e-03
1.610185380625730e-03
1.655351124264584e-03
1.704776446422797e-03
1.759025785995665e-03
1.818739696172612e-03
1.884636696610904e-03
1.957508621153815e-03
2.038205063645451e-03
2.127600898745876e-03
2.226539420382045e-03
2.335743317949960e-03
2.455688119779718e-03
2.586440070932805e-03
2.727474495881152e-03
2.877510695380418e-03
3.034418784576724e-03
3.195259258742221e-03
3.356492978110236e-03
3.514345414794513e-03
3.665245579096908e-03
3.806224077466899e-03
3.935171070861499e-03
4.050913349474416e-03
4.153133840855863e-03
4.242194532560830e-03
4.318927484294338e-03
4.384440729312322e-03
4.439962864862817e-03
4.486732127404703e-03
4.525925417406115e-03
4.558618604195001e-03
4.585769014494077e-03
4.608212316400265e-03
4.626667885969616e-03
4.641748597419161e-03
4.653972527202174e-03
4.663775177879186e-03
4.671521489427214e-03
4.677517192435901e-03
4.682019120997132e-03
4.685244112617995e-03
4.687376204605410e-03
4.688572035277110e-03
4.688964633850814e-03
4.688666042425045e-03
4.687769360827318e-03
4.686350783619823e-03
4.684472013365915e-03
4.682183147597236e-03
4.679525842816069e-03
4.676536348715738e-03
4.673247940043039e-03
4.669692365402570e-03
4.665900148319558e-03
4.661899849034820e-03
4.657716646600456e-03
4.653370760733910e-03
4.648876260880438e-03
4.644240702225415e-03
4.639465816513444e-03
4.634549224479604e-03
4.629486889520283e-03
4.624275853612567e-03
4.618916721920276e-03
4.613415403083933e-03
4.607783754783937e-03
4.602038996630219e-03
4.596201990255833e-03
4.590294702351496e-03
4.584337318349124e-03
4.578345535338390e-03
4.572328524051053e-03
4.566287923244464e-03
4.560218043471764e-03
4.554107247907910e-03
4.547940282941376e-03
4.541701181707247e-03
4.535376279740975e-03
4.528956871880543e-03
4.522441100707514e-03
4.515834787347850e-03
4.509151076397995e-03
4.502408944252067e-03
4.495630788105470e-03
4.488839446459317e-03
4.482055081330181e-03
4.475292366541570e-03
4.468558375458257e-03
4.461851456000510e-03
4.455161239843680e-03
4.448469778984136e-03
4.441753658628999e-03
4.434986818169782e-03
4.428143733436237e-03
4.421202578703386e-03
4.414147996166655e-03
4.406973150280644e-03
4.399680828103584e-03
4.392283455912422e-03
4.384802025948556e-03
4.377264051767018e-03
4.369700782125532e-03
4.362143987497676e-03
4.354622679146957e-03
4.347160122481430e-03
4.339771464784870e-03
4.332462219727919e-03
4.325227749596874e-03
4.318053775592844e-03
4.310917840631793e-03
4.303791559191437e-03
4.296643421596294e-03
4.289441878840595e-03
4.282158418488293e-03
4.274770350620732e-03
4.267263052714419e-03
4.259631471348560e-03
4.251880743769861e-03
4.244025880048896e-03
4.236090531356655e-03
4.228104954921258e-03
4.220103362698741e-03
4.212120900037546e-03
4.204190534950022e-03
4.196340143541679e-03
4.188590052177085e-03
4.180951245971694e-03
4.173424383840943e-03
4.165999681969829e-03
4.158657650003663e-03
4.151370595331049e-03
4.144104755882880e-03
4.136822883135634e-03
4.129487074350338e-03
4.122061644828748e-03
4.114515834963102e-03
4.106826161540457e-03
4.098978247023606e-03
4.090967994178869e-03
4.082802016083802e-03
4.074497282527605e-03
4.066080000660411e-03
4.057583806931709e-03
4.049047403341487e-03
4.040511817804256e-03
4.032017500259662e-03
4.023601478507930e-03
4.015294789095663e-03
4.007120369883968e-03
3.999091556322782e-03
3.991211269084586e-03
3.983471923256965e-03
3.975856035286974e-03
3.968337458057138e-03
3.960883139602741e-03
3.953455277522555e-03
3.946013728248828e-03
3.938518525707181e-03
3.930932365626706e-03
3.923222918030028e-03
3.915364840411255e-03
3.907341378098785e-03
3.899145456738940e-03
3.890780195951712e-03
3.882258803408736e-03
3.873603844502804e-03
3.864845922833667e-03
3.856021847921100e-03
3.847172404964275e-03
3.838339872550456e-03
3.829565454096972e-03
3.820886794619975e-03
3.812335745164232e-03
3.803936514190055e-03
3.795704311218491e-03
3.787644547811802e-03
3.779752619021010e-03
3.772014249569570e-03
3.764406356426927e-03
3.756898355050290e-03
3.749453820673433e-03
3.742032407747235e-03
3.734591928165463e-03
3.727090490326242e-03
3.719488604539133e-03
3.711751164715971e-03
3.703849221297202e-03
3.695761466194757e-03
3.687475358354855e-03
3.678987829373866e-03
3.670305523659533e-03
3.661444547647596e-03
3.652429727177871e-03
3.643293400415698e-03
3.634073803411074e-03
3.624813133590558e-03
3.615555400226031e-03
3.606344186829310e-03
3.597220456729931e-03
3.588220528426875e-03
3.579374332441947e-03
3.570704038043842e-03
3.562223109336902e-03
3.553935819285051e-03
3.545837220582845e-03
3.537913546683510e-03
3.530142996538846e-03
3.522496843324245e-03
3.514940800330412e-03
3.507436575177689e-03
3.499943544947538e-03
3.492420488201229e-03
3.484827313695551e-03
3.477126728988103e-03
3.469285794627023e-03
3.461277311418990e-03
3.453080989970171e-03
3.444684354291644e-03
3.436083335929113e-03
3.427282522691646e-03
3.418295037552906e-03
3.409142038556701e-03
3.399851849361691e-03
3.390458750964363e-03
3.381001486478821e-03
3.371521550342147e-03
3.362061348735802e-03
3.352662327356292e-03
3.343363164763402e-03
3.334198123828969e-03
3.325195641112763e-03
3.316377215720489e-03
3.307756637497187e-03
3.299339571826176e-03
3.291123497039818e-03
3.283097972392957e-03
3.275245201020696e-03
3.267540843498367e-03
3.259955033476931e-03
3.252453546552370e-03
3.244999075811199e-03
3.237552571255699e-03
3.230074604431060e-03
3.222526723076834e-03
3.214872763064223e-03
3.207080085950853e-03
3.199120710562767e-03
3.190972306282810e-03
3.182619015244200e-03
3.174052070930630e-03
3.165270182834050e-03
3.156279661407512e-03
3.147094265040101e-03
3.137734761311820e-03
3.128228207853336e-03
3.118606973059599e-03
3.108907532230653e-03
3.099169089158354e-03
3.089432085000267e-03
3.079736664121303e-03
3.070121169540750e-03
3.060620738082726e-03
3.051266057739168e-03
3.042082337793939e-03
3.033088527346070e-03
3.024296801670383e-03
3.015712319884046e-03
3.007333243269030e-03
2.999150992204209e-03
2.991150711756945e-03
2.983311911468193e-03
2.975609243645344e-03
2.968013385628395e-03
2.960491994533384e-03
2.953010706717655e-03
2.945534158197113e-03
2.938027005564765e-03
2.930454929422578e-03
2.922785603520805e-03
2.914989612921668e-03
2.907041303553850e-03
2.898919544036364e-03
2.890608379003232e-03
2.882097551983836e-03
2.873382875717022e-03
2.864466429141161e-03
2.855356563603850e-03
2.846067706263831e-03
2.836619956183014e-03
2.827038477806809e-03
2.817352706950742e-03
2.807595395017328e-03
2.797801527057690e-03
2.788007157473359e-03
2.778248212595627e-03
2.768559311616250e-03
2.758972655895287e-03
2.749517031788716e-03
2.740216964262552e-03
2.731092048579605e-03
2.722156476150374e-03
2.713418759546449e-03
2.704881651395689e-03
2.696542243396858e-03
2.688392225402133e-03
2.680418280631393e-03
2.672602591443285e-03
2.664923430558134e-03
2.657355814427115e-03
2.649872198372806e-03
2.642443196372956e-03
2.635038311604382e-03
2.627626666642310e-03
2.620177724312622e-03
2.612661991388059e-03
2.605051697652266e-03
2.597321442348418e-03
2.589448798851992e-03
2.581414866828068e-03
2.573204759399415e-03
2.564808011362395e-03
2.556218893523734e-03
2.547436618181478e-03
2.538465421858341e-03
2.529314513848247e-03
2.519997882969654e-03
2.510533960078496e-03
2.500945140101344e-03
2.491257174203436e-03
2.481498449660615e-03
2.471699181473063e-03
2.461890545076350e-03
2.452103783200232e-03
2.442369321523144e-03
2.432715927139796e-03
2.423169941010318e-03
2.413754610767576e-03
2.404489543993619e-03
2.395390294942822e-03
2.386468090309384e-03
2.377729692674974e-03
2.369177394191782e-03
2.360809128301785e-03
2.352618683983765e-03
2.344596005252272e-03
2.336727558254185e-03
2.328996749081606e-03
2.321384377092445e-03
2.313869110712329e-03
2.306427975141340e-03
2.299036843771377e-03
2.291670927274060e-03
2.284305255999472e-03
2.276915152532148e-03
2.269476691857715e-03
2.261967146645234e-03
2.254365414702256e-03
2.246652424802135e-03
2.238811515900338e-03
2.230828783481321e-03
2.222693385481606e-03
2.214397799165661e-03
2.205938019649345e-03
2.197313690612012e-03
2.188528158291834e-03
2.179588441188893e-03
2.170505110013294e-03
2.161292075344864e-03
2.151966283980695e-03
2.142547328940938e-03
2.133056982240316e-03
2.123518663506923e-03
2.113956861038611e-03
2.104396524575601e-03
2.094862450709125e-03
2.085378682259922e-03
2.075967942117733e-03
2.066651119954504e-03
2.057446827159537e-03
2.048371031480636e-03
2.039436778608597e-03
2.030654003583453e-03
2.022029430801023e-03
2.013566557825487e-03
2.005265715355994e-03
1.997124193665894e-03
1.989136424678494e-03
1.981294208471880e-03
1.973586973353865e-03
1.966002059532756e-03
1.958525017689730e-03
1.951139915233428e-03
1.943829644592442e-03
1.936576229378019e-03
1.929361125579545e-03
1.922165516043627e-03
1.914970597293526e-03
1.907757858240337e-03
1.900509350552037e-03
1.893207950344930e-03
1.885837610555569e-03
1.878383602783516e-03
1.870832746741425e-03
1.863173624645498e-03
1.855396777117711e-03
1.847494876425431e-03
1.839462872301151e-03
1.831298105219283e-03
1.823000381892453e-03
1.814572008029614e-03
1.806017774005321e-03
1.797344890117508e-03
1.788562869519801e-03
1.779683358620980e-03
1.770719916726479e-03
1.761687748784723e-03
1.752603397189770e-03
1.743484400534721e-03
1.734348928829610e-03
1.725215405909277e-03
1.716102130414833e-03
1.707026906812512e-03
1.698006697367192e-03
1.689057304908579e-03
1.680193094625889e-03
1.671426761194804e-03
1.662769145385921e-03
1.654229102073467e-03
1.645813419449945e-03
1.637526787322926e-03
1.629371810782613e-03
1.621349064316673e-03
1.613457180616774e-03
1.605692967943130e-03
1.598051549848860e-03
1.590526521344185e-03
1.583110116097255e-03
1.575793379946777e-03
1.568566346785326e-03
1.561418213700326e-03
1.554337513040354e-03
1.547312279823450e-03
1.540330213531105e-03
1.533378833860778e-03
1.526445630396465e-03
1.519518206425785e-03
1.512584417262533e-03
1.505632503458097e-03
1.498651219189555e-03
1.491629955943054e-03
1.484558861342973e-03
1.477428952686444e-03
1.470232224391547e-03
1.462961748221224e-03
1.455611764799741e-03
1.448177764645693e-03
1.440656556700068e-03
1.433046322173070e-03
1.425346651487800e-03
1.417558562174177e-03
1.409684495776563e-03
1.401728292201711e-03
1.393695140410646e-03
1.385591504990899e-03
1.377425028860378e-03
1.369204413137817e-03
1.360939276044153e-03
1.352639993494470e-03
1.344317524786135e-03
1.335983227406699e-03
1.327648665464865e-03
1.319325416527431e-03
1.311024881726823e-03
1.302758103857141e-03
1.294535597834434e-03
1.286367197368116e-03
1.278261920989494e-03
1.270227859811515e-03
1.262272088527580e-03
1.254400600296467e-03
1.246618265345206e-03
1.238928812368659e-03
1.231334831175032e-03
1.223837794521690e-03
1.216438096733080e-03
1.209135106465733e-03
1.201927230927896e-03
1.194811988877829e-03
1.187786089889108e-03
1.180845517579074e-03
1.173985614776184e-03
1.167201168918868e-03
1.160486496271506e-03
1.153835523904002e-03
1.147241868630281e-03
1.140698912406056e-03
1.134199873905620e-03
1.127737876183970e-03
1.121306010504984e-03
1.114897396503358e-03
1.108505238942306e-03
1.102122881350316e-03
1.095743856840443e-03
1.089361936380149e-03
1.082971174738470e-03
1.076565954271745e-03
1.070141026627742e-03
1.063691552353849e-03
1.057213138297003e-03
1.050701872594148e-03
1.044154356939186e-03
1.037567735739025e-03
1.030939721686709e-03
1.024268617228193e-03
1.017553331348320e-03
1.010793391102847e-03
1.003988947318847e-03
9.971407739433229e-04
9.902502605800814e-04
9.833193978629519e-04
9.763507554385807e-04
9.693474524935049e-04
9.623131209239972e-04
9.552518614471132e-04
9.481681931344087e-04
9.410669970492591e-04
9.339534548466715e-04
9.268329833531938e-04
9.197111662862587e-04
9.125936843584152e-04
9.054862450809302e-04
8.983945135939626e-04
8.913240458144484e-04
8.842802251247524e-04
8.772682037161506e-04
8.702928495394954e-04
8.633586996526583e-04
8.564699205559529e-04
8.496302758977161e-04
8.428431017330917e-04
8.361112893142621e-04
8.294372752084956e-04
8.228230383839772e-04
8.162701037523610e-04
8.097795515625262e-04
8.033520319524270e-04
7.969877839237012e-04
7.906866579732277e-04
7.844481416318856e-04
7.782713871761795e-04
7.721552408342933e-04
7.660982728524330e-04
7.600988078679735e-04
7.541549551046256e-04
7.482646379735142e-04
7.424256227611944e-04
7.366355461263771e-04
7.308919412274264e-04
7.251922623393913e-04
7.195339078883951e-04
7.139142418689799e-04
7.083306136546169e-04
7.027803762377986e-04
6.972609029634344e-04
6.917696028375611e-04
6.863039344997049e-04
6.808614189573891e-04
6.754396511828576e-04
6.700363106703260e-04
6.646491710389350e-04
6.592761087746565e-04
6.539151111739336e-04
6.485642835646673e-04
6.432218558387971e-04
6.378861883540800e-04
6.325557772147947e-04
6.272292589543657e-04
6.219054146214600e-04
6.165831732578645e-04
6.112616147585624e-04
6.059399720822091e-04
6.006176327910559e-04
5.952941398723252e-04
5.899691918193243e-04
5.846426419255798e-04
5.793144967597011e-04
5.739849137894943e-04
5.686541981331435e-04
5.633227984102660e-04
5.579913016994422e-04
5.526604275877133e-04
5.473310213467817e-04
5.420040462438692e-04
5.366805750448471e-04
5.313617807596806e-04
5.260489267016807e-04
5.207433559348613e-04
5.154464802264324e-04
5.101597685843630e-04
5.048847355119956e-04
4.996229291006438e-04
4.943759190737727e-04
4.891452849273811e-04
4.839326042867976e-04
4.787394416033032e-04
4.735673373065398e-04
4.684177975411643e-04
4.632922845623909e-04
4.581922078969853e-04
4.531189163462590e-04
4.480736908781096e-04
4.430577384535277e-04
4.380721868357560e-04
4.331180803778127e-04
4.281963767847438e-04
4.233079448384430e-04
4.184535630679203e-04
4.136339193031233e-04
4.088496110707300e-04
4.041011467695767e-04
3.993889475522595e-04
3.947133498537649e-04
3.900746084923719e-04
3.854729002225142e-04
3.809083277325409e-04
3.763809239484816e-04
3.718906566138189e-04
3.674374330259051e-04
3.630211049368969e-04
3.586414734607347e-04
3.542982940328044e-04
3.499912812809213e-04
3.457201138390748e-04
3.414844390083995e-04
3.372838772655280e-04
3.331180265919067e-04
3.289864665773017e-04
3.248887623141692e-04
3.208244680437964e-04
3.167931305645143e-04
3.127942923947755e-04
3.088274946743034e-04
3.048922798324691e-04
3.009881940120839e-04
2.971147892540284e-04
2.932716254508878e-04
2.894582721015196e-04
2.856743098305709e-04
2.819193317332918e-04
2.781929445301779e-04
2.744947695419112e-04
2.708244435096702e-04
2.671816192566760e-04
2.635659662314053e-04
2.599771708978633e-04
2.564149370180539e-04
2.528789858443527e-04
2.493690561820160e-04
2.458849043948302e-04
2.424263043121882e-04
2.389930470719202e-04
2.355849408984404e-04
2.322018108174810e-04
2.288434983352474e-04
2.255098610481458e-04
2.222007722426279e-04
2.189161204272892e-04
2.156558088723402e-04
2.124197550853971e-04
2.092078902988198e-04
2.060201589070861e-04
2.028565179163791e-04
1.997169363671629e-04
1.966013947537565e-04
1.935098844219398e-04
1.904424069868654e-04
1.873989737263694e-04
1.843796049850956e-04
1.813843295730047e-04
1.784131841751287e-04
1.754662127531936e-04
1.725434659705221e-04
1.696450006025986e-04
1.667708789761368e-04
1.639211684001194e-04
1.610959406281395e-04
1.582952713056391e-04
1.555192394566601e-04
1.527679269635357e-04
1.500414180759492e-04
1.473397989207058e-04
1.446631570402359e-04
1.420115809373903e-04
1.393851596447409e-04
1.367839823021932e-04
1.342081377635945e-04
1.316577142060874e-04
1.291327987749668e-04
1.266334772307532e-04
1.241598336283903e-04
1.217119499986292e-04
1.192899060654347e-04
1.168937789692954e-04
1.145236430129705e-04
1.121795694224092e-04
1.098616261301952e-04
1.075698775699998e-04
1.053043844915626e-04
1.030652037911300e-04
1.008523883559108e-04
9.866598692514109e-05
9.650604396826684e-05
9.437259956929350e-05
9.226568933439591e-05
9.018534430356625e-05
8.813159088040335e-05
8.610445076825585e-05
8.410394091971208e-05
8.213007349529111e-05
8.018285583171653e-05
7.826229041521361e-05
7.636837486762907e-05
7.450110193396978e-05
7.266045947925537e-05
7.084643049056579e-05
6.905899308257248e-05
6.729812050682298e-05
6.556378116734694e-05
6.385593863506738e-05
6.217455166611868e-05
6.051957422468648e-05
5.889095550069953e-05
5.728863993432775e-05
5.571256723739182e-05
5.416267241593068e-05
5.263888578886868e-05
5.114113301267336e-05
4.966933509715136e-05
4.822340842415579e-05
4.680326476405362e-05
4.540881128750167e-05
4.403995058018741e-05
4.269658064898249e-05
4.137859493043746e-05
4.008588229506334e-05
3.881832704833537e-05
3.757580893122276e-05
3.635820311453458e-05
3.516538019527770e-05
3.399720618639606e-05
3.285354250658798e-05
3.173424596745425e-05
3.063916875669554e-05
2.956815842150757e-05
2.852105784934487e-05
2.749770524666943e-05
2.649793411581303e-05
2.552157323198264e-05
2.456844661764372e-05
2.363837351806880e-05
2.273116837390598e-05
2.184664079594514e-05
2.098459553889652e-05
2.014483247525674e-05
1.932714657026991e-05
1.853132785926531e-05
1.775716142423548e-05
1.700442737333957e-05
1.627290082304781e-05
1.556235188176753e-05
1.487254563884848e-05
1.420324215240538e-05
1.355419644672261e-05
1.292515850857202e-05
1.231587329291854e-05
1.172608073007750e-05
1.115551573945792e-05
1.060390825152233e-05
1.007098323355026e-05
9.556460723478777e-06
9.060055870842340e-06
8.581478987229274e-06
8.120435603139571e-06
7.676626534596205e-06
7.249747959884325e-06
6.839491505515474e-06
6.445544343247370e-06
6.067589297444706e-06
5.705304964151932e-06
5.358365842599174e-06
5.026442478311223e-06
4.709201620481208e-06
4.406306390926035e-06
4.117416468590067e-06
3.842188287681325e-06
3.580275249290659e-06
3.331327950601995e-06
3.094994427629785e-06
2.870920413920690e-06
2.658749614914007e-06
2.458124000101218e-06
2.268684109667211e-06
2.090069378623228e-06
1.921918478060264e-06
1.763869670368973e-06
1.615561183747594e-06
1.476631601002993e-06
1.346720265343964e-06
1.225467700432174e-06
1.112516045765232e-06
1.007509507107396e-06
9.100948185779400e-07
8.199217186360852e-07
7.366434355109882e-07
6.599171844210619e-07
5.894046724900433e-07
5.247726084093555e-07
4.656932197818725e-07
4.118447700006866e-07
3.629120765195182e-07
3.185870264224019e-07
2.785690849590638e-07
2.425657967407870e-07
2.102932732577740e-07
1.814766628572399e-07
1.558506042198466e-07
1.331596526761197e-07
1.131586743054171e-07
9.561321357458598e-08
8.029981559113572e-08
6.700630823799119e-08
5.553203552627890e-08
4.568803607806031e-08
3.729716737207855e-08
3.019416254267384e-08
2.422562855167624e-08
1.924996731034679e-08
1.513723530673578e-08
1.176892258540494e-08
9.037665934335365e-09
6.846892327379573e-09
5.110388890025922e-09
3.751822216464989e-09
2.704194331364448e-09
1.909258035899352e-09
1.316887223263579e-09
8.844304908869472e-10
5.760485418529301e-10
3.620347487070817e-10
2.181600032150376e-10
1.250192337555550e-10
6.740459786620746e-11
3.369593153129898e-11
1.531040614991373e-11
6.143044664464068e-12
2.093091626492418e-12
5.715464728859088e-13
1.420489527941334e-13
6.834280963699069e-14
