7.770196398912064e-01
7.770564855919238e-01
7.767239687509430e-01
7.762888026364354e-01
7.755374648639993e-01
7.745627361533172e-01
7.732788026112443e-01
7.717167912769505e-01
7.698382067977513e-01
7.676536991818995e-01
7.651424043240274e-01
7.623093307164301e-01
7.591399418439712e-01
7.556390643678818e-01
7.517940502005974e-01
7.476117963728623e-01
7.430797222170965e-01
7.382080585615166e-01
7.329834741226749e-01
7.274205908304950e-01
7.215048639063708e-01
7.152564182375165e-01
7.086590968169296e-01
7.017397650953421e-01
6.944801572955219e-01
6.869152462266643e-01
6.790239451338123e-01
6.708508122573763e-01
6.623709084391619e-01
6.536399482027304e-01
6.446276926880138e-01
6.354026701118263e-01
6.259273909142532e-01
6.162849574428709e-01
6.064281009126675e-01
5.964564088324634e-01
5.863096720684773e-01
5.761061084748654e-01
5.657687404542473e-01
5.554369146592147e-01
5.450123741072778e-01
5.346585937465178e-01
5.242508405044140e-01
5.139803814060282e-01
5.036901273216646e-01
4.936036260262420e-01
4.835248714879765e-01
4.737151427575547e-01
4.639322773184619e-01
4.544817888852434e-01
4.450674509474287e-01
4.360465897407533e-01
4.270603807918955e-01
4.185265330369899e-01
4.100146099710979e-01
4.020118878055819e-01
3.940076880267243e-01
3.865661407500132e-01
3.790950237071961e-01
3.722213990131482e-01
3.653289025221333e-01
3.589406998313087e-01
3.528586528775000e-01
3.464037626373942e-01
3.424417058360467e-01
3.329767069791020e-01
3.380067796703762e-01
3.115213879951972e-01
4.833203793351910e-01
6.751471187939623e-01
6.693280243666957e-01
6.786817077947462e-01
6.810813288859003e-01
6.859979949833630e-01
6.893318739646692e-01
6.929562925066971e-01
6.960308828181430e-01
6.989744234195434e-01
7.016060352434170e-01
7.040340438190691e-01
7.062230762526908e-01
7.082091409725769e-01
7.099909386314590e-01
7.115863158354541e-01
7.130021383567468e-01
7.142514229270569e-01
7.153428950417000e-01
7.162883346044420e-01
7.170967742797815e-01
7.177798744899492e-01
7.183466030820554e-01
7.188089442049771e-01
7.191756983979655e-01
7.194594106800420e-01
7.196686316385947e-01
7.198166233206915e-01
7.199115445644731e-01
7.199674835714961e-01
7.199919727909153e-01
7.200000000000020e-01
1.939468133229330e-03
1.939533704312707e-03
1.938940904393715e-03
1.938164695236663e-03
1.936824475651441e-03
1.935084969998755e-03
1.932792794802933e-03
1.930002485917254e-03
1.926644545374001e-03
1.922736601507088e-03
1.918240111880980e-03
1.913162163699468e-03
1.907474987299667e-03
1.901184824123433e-03
1.894266702798260e-03
1.886730040645326e-03
1.878549325116062e-03
1.869739469639156e-03
1.860272824346497e-03
1.850171848889217e-03
1.839405721986364e-03
1.828006752650716e-03
1.815939909193196e-03
1.803250120644527e-03
1.789896729736899e-03
1.775940658256014e-03
1.761333485413777e-03
1.746156256780185e-03
1.730349523239466e-03
1.714019587963338e-03
1.697091064571079e-03
1.679702052435021e-03
1.661753986107001e-03
1.643425354335000e-03
1.624583896856700e-03
1.605460162145355e-03
1.585873088002632e-03
1.566121601005786e-03
1.545954251561509e-03
1.525761679106864e-03
1.505191228825413e-03
1.484759129925452e-03
1.463967400211676e-03
1.443507489551980e-03
1.422672597782921e-03
1.402402464302730e-03
1.381689555266593e-03
1.361829739539601e-03
1.341380879144462e-03
1.322154330493730e-03
1.302077332180231e-03
1.283712409115017e-03
1.264067901718229e-03
1.246806304781434e-03
1.227591764416401e-03
1.211703014462954e-03
1.192832286910348e-03
1.178635083793389e-03
1.159916398714201e-03
1.147793508247380e-03
1.128944948753594e-03
1.119249856394429e-03
1.100201182105153e-03
1.092482888060394e-03
1.075281264993292e-03
1.064034711724886e-03
1.062854159567759e-03
1.017738712427661e-03
1.366947137152536e-03
1.734669516376417e-03
1.723928267109628e-03
1.741122999912563e-03
1.745506225605889e-03
1.754499297717570e-03
1.760581850652839e-03
1.767188152352353e-03
1.772783491557606e-03
1.778134406666514e-03
1.782912674556642e-03
1.787316920519201e-03
1.791283975627196e-03
1.794880255938605e-03
1.798104245015994e-03
1.800989016547864e-03
1.803547600997923e-03
1.805804058060259e-03
1.807774573650638e-03
1.809480774237733e-03
1.810939239242768e-03
1.812171233471452e-03
1.813193100465223e-03
1.814026583833962e-03
1.814687642439906e-03
1.815198959194174e-03
1.815575988935082e-03
1.815842661926034e-03
1.816013696687089e-03
1.816114488102509e-03
1.816158612271795e-03
1.816173075368440e-03
6.113275876202355e-01
6.113572982492496e-01
6.118758761334365e-01
6.126329714362913e-01
6.138591101933339e-01
6.154737225097726e-01
6.175672326759164e-01
6.201190020049094e-01
6.231650345763153e-01
6.267045518178647e-01
6.307508005135672e-01
6.353090626458251e-01
6.403818493633741e-01
6.459760843625055e-01
6.520880769316166e-01
6.587252316447841e-01
6.658791756188648e-01
6.735577317522506e-01
6.817480405783065e-01
6.904586614726824e-01
6.996717684763230e-01
7.093971656102578e-01
7.196111482180522e-01
7.303254713117298e-01
7.415092785985073e-01
7.531772751002769e-01
7.652898010632878e-01
7.778659525282308e-01
7.908551479568892e-01
8.042829635517050e-01
8.180851442808384e-01
8.322967676869598e-01
8.468362430514271e-01
8.617525031097396e-01
8.769416080901714e-01
8.924726134524568e-01
9.082121777206185e-01
9.242585228816730e-01
9.404387490092911e-01
9.568933683342692e-01
9.733950209601651e-01
9.901457069378905e-01
1.006841436146310e+00
1.023774038982278e+00
1.040529574198024e+00
1.057531934911831e+00
1.074206785652981e+00
1.091173538845557e+00
1.107620714165720e+00
1.124459247193264e+00
1.140523335445668e+00
1.157161431208125e+00
1.172674129845028e+00
1.189070195868815e+00
1.203841945423211e+00
1.219999478935151e+00
1.233804556963380e+00
1.249795473358817e+00
1.262340709516741e+00
1.278360204674505e+00
1.289182534166844e+00
1.305766220918799e+00
1.313747326235023e+00
1.332863055052498e+00
1.333721292271329e+00
1.364268219760888e+00
1.337925777029495e+00
1.421755687955645e+00
1.014151413299737e+00
7.314307114823246e-01
7.365796784393414e-01
7.234057104733697e-01
7.187712988830661e-01
7.112449962353473e-01
7.057228891560617e-01
6.999745472061356e-01
6.949855346218788e-01
6.902601522816089e-01
6.860039338418913e-01
6.820871844633213e-01
6.785454331018518e-01
6.753336445574690e-01
6.724478245016694e-01
6.698642323200590e-01
6.675692289793557e-01
6.655448850814422e-01
6.637749987381708e-01
6.622433285996636e-01
6.609327228273914e-01
6.598274114232267e-01
6.589095571288939e-01
6.581634728180902e-01
6.575705867828997e-01
6.571152032428446e-01
6.567779276890530e-01
6.565431280781778e-01
6.563905378225027e-01
6.563047999712881e-01
6.562647901390019e-01
6.562557813980867e-01
