7.783321424188379e-01
7.783964900370941e-01
7.782603902679949e-01
7.779303865443907e-01
7.773715956768069e-01
7.765586975211256e-01
7.754722219779727e-01
7.740966802679881e-01
7.724194478908144e-01
7.704300367228578e-01
7.681196002088624e-01
7.654805925412641e-01
7.625065367563088e-01
7.591918736956810e-01
7.555318731124691e-01
7.515225936798576e-01
7.471608820403164e-01
7.424444031814074e-01
7.373716958058811e-01
7.319422472442700e-01
7.261565830016441e-01
7.200163663444036e-01
7.135245034960477e-01
7.066852500821909e-01
6.995043144945374e-01
6.919889538729479e-01
6.841480584713748e-01
6.759922203085360e-01
6.675337822333250e-01
6.587868638753356e-01
6.497673614097920e-01
6.404929186360481e-01
6.309828675206157e-01
6.212581370222165e-01
6.113411295519189e-01
6.012555644852947e-01
5.910262868324454e-01
5.806790336977186e-01
5.702401312609490e-01
5.597360134003654e-01
5.491920071072129e-01
5.386255571142691e-01
5.179643641145194e-01
5.076953820444770e-01
4.975336407687943e-01
4.874862385431462e-01
4.775721034106796e-01
4.678109393658479e-01
4.582216128978424e-01
4.488216909732159e-01
4.396272508683287e-01
4.306527886257177e-01
4.219111783513889e-01
4.134136651974884e-01
4.051698839670482e-01
3.971878983512417e-01
3.894742569650763e-01
3.820340628515815e-01
3.748710534128784e-01
3.679876879579068e-01
3.613852402878192e-01
3.550638939875162e-01
3.490228383555356e-01
3.432603631780689e-01
3.377739508281050e-01
3.325603644395869e-01
3.276157311622382e-01
3.229356197402630e-01
5.475132650415525e-01
6.657391737236981e-01
6.709898356015725e-01
6.757347695111592e-01
6.801419082551508e-01
6.842306190119055e-01
6.880181284791582e-01
6.915201089897938e-01
6.947509895481474e-01
6.977241960546776e-01
7.004523406666721e-01
7.029473740379902e-01
7.052207101249189e-01
7.072833304521888e-01
7.091458727739253e-01
7.108187076648415e-01
7.123120055602988e-01
7.136357960119202e-01
7.148000203598531e-01
7.158145785897567e-01
7.166893708055926e-01
7.174343334834420e-01
7.180594704598100e-01
7.185748784394811e-01
7.189907666757739e-01
7.193174703772302e-01
7.195654573271622e-01
7.197453271686356e-01
7.198678028068373e-01
7.199437134200364e-01
7.199839686477114e-01
7.200000000000200e-01
1.941807606188171e-03
1.941922237101537e-03
1.941679556105300e-03
1.941091063481268e-03
1.940094318541527e-03
1.938643774581174e-03
1.936704140172334e-03
1.934247031544401e-03
1.931248967562957e-03
1.927690060150028e-03
1.923553121291753e-03
1.918823045160488e-03
1.913486384767547e-03
1.907531073098925e-03
1.900946255492736e-03
1.893722209939180e-03
1.885850338143998e-03
1.877323214145232e-03
1.868134679837955e-03
1.858279978415099e-03
1.847755917763718e-03
1.836561056453309e-03
1.824695905250504e-03
1.812163137193059e-03
1.798967799239218e-03
1.785117518446217e-03
1.770622695587164e-03
1.755496679143167e-03
1.739755912754513e-03
1.723420049516244e-03
1.706512026980264e-03
1.689058097375179e-03
1.671087808336284e-03
1.652633930240242e-03
1.633732326798717e-03
1.614421765232957e-03
1.594743659357543e-03
1.574741727721960e-03
1.554461509178841e-03
1.533949515716217e-03
1.513250914487061e-03
1.492395080289885e-03
1.451277340391971e-03
1.430664368773768e-03
1.410147244147610e-03
1.389741200282729e-03
1.369486078006753e-03
1.349424276618687e-03
1.329597481988509e-03
1.310045672799969e-03
1.290806656318528e-03
1.271915791403251e-03
1.253405806276295e-03
1.235306679504740e-03
1.217645570627716e-03
1.200446792782054e-03
1.183731821722537e-03
1.167519336338951e-03
1.151825286026524e-03
1.136662980402021e-03
1.122043197001420e-03
1.107974302791366e-03
1.094462385583479e-03
1.081511391751472e-03
1.069123267002468e-03
1.057298097331007e-03
1.046034247672597e-03
1.035328496160684e-03
1.493459966708783e-03
1.716889129124336e-03
1.726539882079250e-03
1.735242538517778e-03
1.743310291872838e-03
1.750782067090917e-03
1.757692340140214e-03
1.764072295088828e-03
1.769950459330420e-03
1.775353196660868e-03
1.780305097814003e-03
1.784829295796313e-03
1.788947725327913e-03
1.792681340169836e-03
1.796050298243324e-03
1.799074121681189e-03
1.801771836943403e-03
1.804162098644320e-03
1.806263299622247e-03
1.808093668926556e-03
1.809671358730870e-03
1.811014520653632e-03
1.812141371545686e-03
1.813070248467004e-03
1.813819652306992e-03
1.814408279299063e-03
1.814855039536128e-03
1.815179061513763e-03
1.815399681711366e-03
1.815536418281101e-03
1.815608928047063e-03
1.815637804167404e-03
6.092050538159406e-01
6.092569053362559e-01
6.096340797961450e-01
6.103474224835571e-01
6.114448775341236e-01
6.129608949340227e-01
6.149212505897066e-01
6.173455945701625e-01
6.202490327719637e-01
6.236431943441799e-01
6.275369862207361e-01
6.319371396648447e-01
6.368486099372436e-01
6.422748677729595e-01
6.482181087585454e-01
6.546793991022829e-01
6.616587714364571e-01
6.691552810527855e-01
6.771670307388612e-01
6.856911708051401e-01
6.947238797567705e-01
7.042603302370189e-01
7.142946442593193e-01
7.248198412896972e-01
7.358277823951640e-01
7.473091134021105e-01
7.592532097859229e-01
7.716481258188483e-01
7.844805503233876e-01
7.977357712042414e-01
8.113976507621542e-01
8.254486136380177e-01
8.398696491283735e-01
8.546403296338917e-01
8.697388473452314e-01
8.851420724347990e-01
9.008256394119639e-01
9.167640783723555e-01
9.329310412247868e-01
9.492998063270502e-01
9.658449696493622e-01
9.825526491539004e-01
1.015967634295085e+00
1.032855818868011e+00
1.049723764665866e+00
1.066566684217609e+00
1.083358911588870e+00
1.100071765153366e+00
1.116676113439350e+00
1.133143105840707e+00
1.149444495709789e+00
1.165552835287210e+00
1.181441617425079e+00
1.197085388701075e+00
1.212459843306094e+00
1.227541901820377e+00
1.242309777003692e+00
1.256743027941584e+00
1.270822603582520e+00
1.284530876588444e+00
1.297851668385561e+00
1.310770266292492e+00
1.323273433595449e+00
1.335349413425865e+00
1.346987927270520e+00
1.358180168907712e+00
1.368918794516155e+00
1.379197909647570e+00
9.055102214690511e-01
7.407527315526343e-01
7.324380443551974e-01
7.248782767543112e-01
7.178584374688897e-01
7.113476660911825e-01
7.053185978160570e-01
6.997464345297945e-01
6.946084019712514e-01
6.898833301105384e-01
6.855513230189471e-01
6.815934948238669e-01
6.779917551504299e-01
6.747286321421535e-01
6.717871244467614e-01
6.691505759084084e-01
6.668025684213903e-01
6.647268296691849e-01
6.629071534285009e-01
6.613273308502982e-01
6.599710916998358e-01
6.588220549880058e-01
6.578636887848445e-01
6.570792792926528e-01
6.564519094821560e-01
6.559644477678904e-01
6.555995473204391e-01
6.553396566840778e-01
6.551670423844547e-01
6.550638241708966e-01
6.550120234333546e-01
6.549940357996717e-01
