7.783321424188431e-01
7.783964900370994e-01
7.782603902679999e-01
7.779303865443954e-01
7.773715956768120e-01
7.765586975211304e-01
7.754722219779774e-01
7.740966802679928e-01
7.724194478908188e-01
7.704300367228611e-01
7.681196002088672e-01
7.654805925412675e-01
7.625065367563125e-01
7.591918736956843e-01
7.555318731124725e-01
7.515225936798620e-01
7.471608820403195e-01
7.424444031814119e-01
7.373716958058850e-01
7.319422472442748e-01
7.261565830016474e-01
7.200163663444076e-01
7.135245034960513e-01
7.066852500821954e-01
6.995043144945414e-01
6.919889538729526e-01
6.841480584713793e-01
6.759922203085406e-01
6.675337822333302e-01
6.587868638753414e-01
6.497673614097982e-01
6.404929186360543e-01
6.309828675206218e-01
6.212581370222232e-01
6.113411295519265e-01
6.012555644853032e-01
5.910262868324548e-01
5.806790336977299e-01
5.702401312609610e-01
5.597360134003756e-01
5.491920071072259e-01
5.386255571142782e-01
5.179643641145351e-01
5.076953820444873e-01
4.975336407688025e-01
4.874862385431565e-01
4.775721034106879e-01
4.678109393658565e-01
4.582216128978511e-01
4.488216909732243e-01
4.396272508683367e-01
4.306527886257240e-01
4.219111783513959e-01
4.134136651974942e-01
4.051698839670533e-01
3.971878983512472e-01
3.894742569650820e-01
3.820340628515864e-01
3.748710534128833e-01
3.679876879579120e-01
3.613852402878238e-01
3.550638939875200e-01
3.490228383555389e-01
3.432603631780720e-01
3.377739508281081e-01
3.325603644395900e-01
3.276157311622409e-01
3.229356197402662e-01
5.475132650627683e-01
6.657391737237155e-01
6.709898356015662e-01
6.757347695111577e-01
6.801419082551521e-01
6.842306190119118e-01
6.880181284791657e-01
6.915201089898050e-01
6.947509895481593e-01
6.977241960546920e-01
7.004523406666869e-01
7.029473740380072e-01
7.052207101249353e-01
7.072833304522070e-01
7.091458727739433e-01
7.108187076648597e-01
7.123120055603175e-01
7.136357960119384e-01
7.148000203598710e-01
7.158145785897740e-01
7.166893708056106e-01
7.174343334834583e-01
7.180594704598284e-01
7.185748784394954e-01
7.189907666757948e-01
7.193174703772440e-01
7.195654573271875e-01
7.197453271686466e-01
7.198678028068686e-01
7.199437134200407e-01
7.199839686477417e-01
7.200000000000417e-01
1.941807606188180e-03
1.941922237101547e-03
1.941679556105310e-03
1.941091063481277e-03
1.940094318541537e-03
1.938643774581184e-03
1.936704140172343e-03
1.934247031544411e-03
1.931248967562967e-03
1.927690060150036e-03
1.923553121291763e-03
1.918823045160497e-03
1.913486384767557e-03
1.907531073098934e-03
1.900946255492746e-03
1.893722209939190e-03
1.885850338144007e-03
1.877323214145243e-03
1.868134679837965e-03
1.858279978415110e-03
1.847755917763726e-03
1.836561056453318e-03
1.824695905250513e-03
1.812163137193069e-03
1.798967799239227e-03
1.785117518446227e-03
1.770622695587174e-03
1.755496679143178e-03
1.739755912754524e-03
1.723420049516257e-03
1.706512026980278e-03
1.689058097375193e-03
1.671087808336298e-03
1.652633930240256e-03
1.633732326798733e-03
1.614421765232976e-03
1.594743659357564e-03
1.574741727721984e-03
1.554461509178868e-03
1.533949515716240e-03
1.513250914487089e-03
1.492395080289905e-03
1.451277340392005e-03
1.430664368773793e-03
1.410147244147630e-03
1.389741200282754e-03
1.369486078006774e-03
1.349424276618709e-03
1.329597481988531e-03
1.310045672799990e-03
1.290806656318548e-03
1.271915791403268e-03
1.253405806276313e-03
1.235306679504756e-03
1.217645570627731e-03
1.200446792782069e-03
1.183731821722553e-03
1.167519336338964e-03
1.151825286026539e-03
1.136662980402035e-03
1.122043197001433e-03
1.107974302791377e-03
1.094462385583489e-03
1.081511391751482e-03
1.069123267002477e-03
1.057298097331016e-03
1.046034247672606e-03
1.035328496160693e-03
1.493459966750009e-03
1.716889129124470e-03
1.726539882079340e-03
1.735242538517878e-03
1.743310291872945e-03
1.750782067091033e-03
1.757692340140335e-03
1.764072295088957e-03
1.769950459330550e-03
1.775353196661003e-03
1.780305097814142e-03
1.784829295796457e-03
1.788947725328055e-03
1.792681340169984e-03
1.796050298243470e-03
1.799074121681337e-03
1.801771836943553e-03
1.804162098644469e-03
1.806263299622397e-03
1.808093668926705e-03
1.809671358731021e-03
1.811014520653781e-03
1.812141371545839e-03
1.813070248467150e-03
1.813819652307151e-03
1.814408279299209e-03
1.814855039536295e-03
1.815179061513905e-03
1.815399681711546e-03
1.815536418281232e-03
1.815608928047243e-03
1.815637804167568e-03
6.092050538159320e-01
6.092569053362472e-01
6.096340797961368e-01
6.103474224835483e-01
6.114448775341147e-01
6.129608949340144e-01
6.149212505896979e-01
6.173455945701533e-01
6.202490327719559e-01
6.236431943441714e-01
6.275369862207281e-01
6.319371396648354e-01
6.368486099372365e-01
6.422748677729511e-01
6.482181087585368e-01
6.546793991022748e-01
6.616587714364482e-01
6.691552810527768e-01
6.771670307388512e-01
6.856911708051310e-01
6.947238797567608e-01
7.042603302370096e-01
7.142946442593092e-01
7.248198412896870e-01
7.358277823951531e-01
7.473091134020996e-01
7.592532097859108e-01
7.716481258188375e-01
7.844805503233747e-01
7.977357712042279e-01
8.113976507621394e-01
8.254486136380030e-01
8.398696491283586e-01
8.546403296338752e-01
8.697388473452147e-01
8.851420724347793e-01
9.008256394119437e-01
9.167640783723311e-01
9.329310412247623e-01
9.492998063270265e-01
9.658449696493342e-01
9.825526491538776e-01
1.015967634295051e+00
1.032855818867984e+00
1.049723764665843e+00
1.066566684217582e+00
1.083358911588845e+00
1.100071765153340e+00
1.116676113439324e+00
1.133143105840680e+00
1.149444495709764e+00
1.165552835287186e+00
1.181441617425056e+00
1.197085388701052e+00
1.212459843306073e+00
1.227541901820355e+00
1.242309777003670e+00
1.256743027941561e+00
1.270822603582499e+00
1.284530876588420e+00
1.297851668385540e+00
1.310770266292471e+00
1.323273433595430e+00
1.335349413425847e+00
1.346987927270501e+00
1.358180168907693e+00
1.368918794516137e+00
1.379197909647551e+00
9.055102214363309e-01
7.407527315526715e-01
7.324380443552623e-01
7.248782767543716e-01
7.178584374689451e-01
7.113476660912338e-01
7.053185978161050e-01
6.997464345298401e-01
6.946084019712946e-01
6.898833301105807e-01
6.855513230189872e-01
6.815934948239066e-01
6.779917551504679e-01
6.747286321421921e-01
6.717871244467990e-01
6.691505759084463e-01
6.668025684214282e-01
6.647268296692220e-01
6.629071534285397e-01
6.613273308503367e-01
6.599710916998757e-01
6.588220549880454e-01
6.578636887848857e-01
6.570792792926923e-01
6.564519094821983e-01
6.559644477679260e-01
6.555995473204828e-01
6.553396566841082e-01
6.551670423845022e-01
6.550638241709229e-01
6.550120234334167e-01
6.549940357997431e-01
